33.4777616 -88.9330226
33.4777616 -88.9330226
33.4777616 -88.9330227
33.4777616 -88.9330226
33.4777616 -88.9330226
33.4777616 -88.9330226
33.4777616 -88.9330225
33.4777616 -88.9330226
33.4777616 -88.9330226
33.4777617 -88.9330224
33.4777616 -88.9330224
33.4777616 -88.9330224
33.4777616 -88.9330225
33.4777615 -88.9330226
33.4777624 -88.9330241
33.4777639 -88.9330268
33.477765 -88.9330253
33.4777648 -88.9330244
33.4777645 -88.9330236
33.4777645 -88.9330234
33.4777646 -88.9330233
33.4777645 -88.9330233
33.4777648 -88.9330237
33.4777647 -88.9330233
33.4777647 -88.9330233
33.4777648 -88.9330233
33.4777649 -88.9330234
33.4777649 -88.9330234
33.4777647 -88.9330237
33.4777648 -88.9330237
33.4777637 -88.9330238
33.4777626 -88.9330244
33.4777596 -88.9330247
33.4777542 -88.9330249
33.4777514 -88.933025
33.4777514 -88.933025
33.4777424 -88.9330257
33.4777369 -88.9330265
33.4777338 -88.933027
33.4777312 -88.9330275
33.4777284 -88.9330276
33.4777239 -88.9330278
33.4777239 -88.9330278
33.4777215 -88.9330289
33.4777193 -88.9330283
33.4777193 -88.9330283
33.4777118 -88.9330306
33.4777087 -88.9330314
33.4777051 -88.9330315
33.4777015 -88.9330322
33.4777015 -88.9330322
33.4776943 -88.933033
33.4776943 -88.933033
33.4776854 -88.933033
33.4776813 -88.9330337
33.4776796 -88.9330347
33.4776792 -88.9330346
33.4776792 -88.9330347
33.4776781 -88.9330333
33.4776782 -88.9330324
33.4776782 -88.9330324
33.4776774 -88.9330326
33.477677 -88.9330348
33.4776769 -88.9330372
33.4776787 -88.9330398
33.4776783 -88.9330415
33.4776775 -88.9330427
33.4776773 -88.9330433
33.4776773 -88.9330431
33.4776768 -88.9330431
33.4776766 -88.9330432
33.4776768 -88.9330433
33.4776773 -88.9330425
33.4776778 -88.9330428
33.4776776 -88.9330423
33.4776778 -88.9330424
33.4776778 -88.9330421
33.4776783 -88.933042
33.4776788 -88.9330421
33.4776786 -88.9330425
33.4776787 -88.9330424
33.4776785 -88.9330431
33.4776808 -88.9330421
33.4776792 -88.9330439
33.4776777 -88.9330464
33.4776773 -88.9330472
33.477678 -88.9330468
33.4776768 -88.9330476
33.4776771 -88.9330483
33.4776785 -88.9330477
33.4776779 -88.9330488
33.4776769 -88.9330503
33.477678 -88.9330523
33.4776781 -88.9330553
33.4776786 -88.9330556
33.4776785 -88.9330584
33.4776799 -88.9330639
33.4776815 -88.9330695
33.4776834 -88.9330741
33.477684 -88.9330754
33.4776844 -88.9330768
33.4776844 -88.9330768
33.4776843 -88.9330766
33.477684 -88.9330764
33.477684 -88.9330773
33.477686 -88.9330782
33.4776863 -88.9330767
33.4776866 -88.9330769
33.4776868 -88.9330789
33.4776874 -88.9330792
33.4776879 -88.9330793
33.4776879 -88.9330792
33.4776879 -88.9330792
33.4776881 -88.9330794
33.4776879 -88.9330795
33.4776878 -88.9330794
33.4776877 -88.9330793
33.4776878 -88.9330792
33.4776879 -88.9330793
33.4776883 -88.9330808
33.4776891 -88.9330812
33.4776916 -88.9330808
33.4776943 -88.9330802
33.4776943 -88.9330802
33.4776959 -88.9330785
33.4776977 -88.9330793
33.4776977 -88.9330793
33.4777069 -88.9330773
33.4777089 -88.933077
33.4777093 -88.9330761
33.4777092 -88.9330764
33.4777128 -88.9330775
33.4777157 -88.9330777
33.4777185 -88.9330764
33.4777195 -88.9330761
33.4777194 -88.9330759
33.4777194 -88.9330757
33.4777192 -88.9330754
33.4777192 -88.9330754
33.4777211 -88.9330737
33.4777219 -88.9330737
33.4777241 -88.9330736
33.4777241 -88.9330736
33.4777338 -88.9330719
33.477739 -88.9330708
33.477739 -88.9330708
33.4777416 -88.9330681
33.4777418 -88.933068
33.4777458 -88.9330682
33.4777504 -88.933068
33.4777538 -88.9330674
33.4777548 -88.9330651
33.4777545 -88.9330635
33.4777543 -88.9330626
33.4777548 -88.9330621
33.4777558 -88.9330608
33.4777571 -88.9330602
33.4777571 -88.9330587
33.4777576 -88.9330533
33.4777588 -88.9330471
33.4777603 -88.933041
33.477761 -88.9330339
33.4777618 -88.9330279
33.4777619 -88.9330238
33.4777616 -88.9330222
33.4777605 -88.9330218
33.4777609 -88.9330222
33.4777615 -88.9330218
33.4777615 -88.9330225
33.4777611 -88.9330226
33.4777612 -88.9330223
33.4777612 -88.9330223
33.4777612 -88.9330223
33.4777612 -88.9330222
33.4777612 -88.9330223
