0.0 0.0 0.0
0.0005960729680812198 -0.000724401854032955 0.0032871059418995707
0.0007311555816279884 -0.0006349883641023762 0.0031707663176489004
0.0004285868361241309 -0.0008622737392479513 0.0028821040849419544
0.0003142246155868999 -0.0005428439161920678 0.003156321611892549
0.0006357090179613246 -0.0008835485286551731 0.0018074063456336095
0.0009503341861498421 -0.0005312211750207116 0.0020835934119814714
0.0009466628271542204 -0.0007442449193066983 0.0020648881658447728
0.0006581554438671154 -0.0011143042363215977 0.0020529343697178477
0.0020941700048667774 -0.001059945758657893 0.0025642980800036456
0.000472963702047698 -0.0019817816875931232 0.002283394586235731
0.0005615386898605087 -0.002086886621917694 0.0022941502038191335
0.0038016484975586366 -0.0010274532264350836 0.002481805987706427
0.002405714802012274 -0.0021274646654588364 0.0021753159857821752
0.002330271405889092 -0.003431729222872361 0.0002475526474857645
0.010719056321978815 -0.0018032698992110283 -5.638307833238758e-05
0.012191903166919168 -0.001977758075163767 0.00018240920511174152
-0.011750551916774633 -0.013420444826556452 -0.005606093781516918
-0.0014466251490622434 -0.009740728873886023 0.016684966905421802
-0.03082267665476097 -0.01983501764578078 -0.002698697839879678
-0.022576266807378377 -0.015721751576586833 -0.016363429872724218
0.005642002987530708 -0.004042520472545122 -0.022941274041970425
0.017380680849464137 0.009850643406232186 -0.02385733828620674
-0.007671527733700091 0.0031271616112429276 -0.03239093440819879
0.0007892805651696381 0.0166140702018423 -0.03141677063482997
0.007590128533469853 0.029074902007981372 -0.030841569179780513
0.019608719889021003 0.04166398200887607 -0.040567917303889575
0.013500547428064122 0.037275253974034375 -0.058956898221727165
0.030746429953197908 0.04102532822322796 -0.07144769082927857
0.03268801852746499 0.04497694525542624 -0.07494062954176187
0.041135250234544396 0.05034502064812148 -0.07702101999920272
0.06617414910841772 0.05859681281522838 -0.07656469326645335
0.06464484196705503 0.051887683188095696 -0.0811717308516878
0.08394317593302122 0.048926966469483926 -0.07958844551307387
0.1013962901530917 0.046305044546571715 -0.0783140987469025
0.12287461929069908 0.04221851623075464 -0.07324857906529954
0.15047953496800376 0.039713007658983314 -0.06784388361194774
0.16124273367796346 0.02104050302568105 -0.0779767404689016
0.1812013898902912 0.01895629365076431 -0.07912978184260436
0.21020253253946125 0.010505767068544676 -0.07801365430732472
0.24578800202909298 0.010268590089738912 -0.07877413251754009
0.27937361023056195 0.00627879589919228 -0.08313315522185882
0.326729192468373 -0.0006627348264136163 -0.07732957260882442
0.39879407676958567 -0.002685809886911014 -0.08514095881691947
0.44984964906131636 -0.00768673574677977 -0.07611321114270442
0.4809072808199137 -0.0247452332952095 -0.07366971511834541
0.54264363115276 -0.029316665582659156 -0.054173378377985804
0.5978772649472676 -0.0371111483805686 -0.03810039119786066
0.6477030530424019 -0.04505466677112138 -0.04404848900972444
0.7029014261436174 -0.06125354489419629 -0.03177934523975496
0.7618783030531495 -0.06782378580403631 -0.015487326951604475
0.8144999293678199 -0.08860272976768441 -0.01695440996629999
0.8746962356774192 -0.10526302719931936 -0.016623972970470746
0.9346055146844241 -0.11397005827302911 -0.02198764957454037
0.998406506853628 -0.14373482340614135 -0.01764000876495064
1.032457110220373 -0.17810336605034766 -0.0012438733351851881
1.0999987818257742 -0.20575198720516463 0.035387864871948456
1.160171135777173 -0.23811796073461158 0.026699230720692586
1.223641754215859 -0.2612501940037977 0.034937637159332985
1.2897615361123658 -0.2971878113630684 0.0445159180569942
1.3515168375052842 -0.3132694064849462 0.0210895807730784
1.4251783126792872 -0.32758207521900057 0.022887203285139997
1.4930465401312227 -0.3656145700923626 0.022414935681368476
1.5487343814245045 -0.3851364511468526 -0.00995395663540376
1.6197407547785077 -0.40069918696164564 0.006432558170714094
1.6874742572472503 -0.43907134763226985 0.017624144998295253
1.7590164848711474 -0.459351416966483 0.04661888893142125
1.8261018995954545 -0.4743527258320137 0.05748405118794033
1.896503590712843 -0.49945359909148956 0.06367569316240224
1.9650142842119835 -0.5188997094231638 0.05438906274690304
2.0321660271830897 -0.5377774067845797 0.0382085680254553
2.103065895215501 -0.5530998596100465 0.03633234535862032
2.1701743463526477 -0.5835398367892715 0.03160350198153313
2.2223383158355126 -0.6069510739268056 0.010459613516175616
2.2932248293311677 -0.6484004446676 0.0442667484086879
2.356784486548352 -0.6867320990857665 0.0572899677984343
2.4340512067180726 -0.7286539204898533 0.07535632925645507
2.501685552909919 -0.7432413532091673 0.057032054379613284
2.569473369970664 -0.7744195833973472 0.03247058411437903
2.6245295503476735 -0.7922105048222469 -0.0073163528874723716
2.6998599236913408 -0.7901409140061084 0.003119322874227601
2.775684517143301 -0.8131007464806925 0.04595189604122229
2.8334820679464534 -0.846528614692087 0.05716942108293322
2.905456320627055 -0.868978851804048 0.06914156064559164
2.97600915773086 -0.8925638004455025 0.06666043445022735
3.047830404147519 -0.9307224578616915 0.0727062227392849
3.1193162151739497 -0.9608409433199905 0.05161422095552007
3.2049764359210235 -0.9860239586559315 0.057660266580561365
3.2656938470218893 -1.0179600058450813 0.03817458700151873
3.3313154465821855 -1.07367095845114 0.05706930388979779
3.3916699835379287 -1.1131559472321162 0.06201754226901099
3.454513122258931 -1.1426345039899117 0.07240890374509236
3.522772275977939 -1.182496238776935 0.07836168790942874
3.5930358383476526 -1.2100767533491026 0.06903483760365771
3.6661293056775386 -1.2578670426907073 0.06930383799131515
3.7406301675000937 -1.3006043969081036 0.06947315305626059
3.81686002168356 -1.318129133954014 0.04479531829578629
3.890341704505961 -1.3401460914022103 0.06279952439661045
3.9570399004804684 -1.3708429885302316 0.06743020005542968
4.0289901180455105 -1.3905092429350498 0.08220975780261648
4.100688554793577 -1.4275083634001695 0.085824437807319
4.17504796989817 -1.4630784101693273 0.08755617863312704
4.244419031112846 -1.492419323509807 0.07001997196516324
4.320121299183969 -1.5426166243426889 0.07511749913823319
4.388118326834925 -1.5820570033339678 0.0750727014871855
4.455985011523508 -1.6317065525191121 0.10110690254823908
4.508489079715128 -1.665944510682911 0.0842702844454498
4.571430267910062 -1.7131318368336441 0.09654502496965385
4.636301399218343 -1.7544077833163922 0.0994187414896598
4.711463698068656 -1.7913621168123428 0.100043843059102
4.783385953728636 -1.841765454989019 0.09960907068126613
4.864323264648799 -1.8734636977841612 0.10026124028221935
4.938698186455594 -1.8984492213141764 0.09312876261155054
5.004599107690281 -1.9268090248910335 0.0977673336071472
5.066977596397611 -1.9515883532604714 0.09411805425355721
5.143854333208669 -1.9658812961441277 0.11477249541909075
5.210806990399584 -2.0036352597978673 0.11432915682949293
5.287447583822801 -2.0313184607233294 0.11689582655870796
5.356518762086091 -2.073004288601319 0.10268421223472421
5.430043605663062 -2.1105232264122638 0.11435429980447721
5.49141706216981 -2.1376854932770666 0.09151050687031481
5.551876839255218 -2.1836088008813683 0.0902242640838575
5.612933923717076 -2.2150704847744653 0.0896277059158476
5.674752768480311 -2.253899289136362 0.0986180394834915
5.7484591646005585 -2.2963204369859143 0.11918078042534938
5.809348899531458 -2.3310975914595096 0.10313341514332384
5.8783480515909705 -2.368932245193649 0.09144245094988189
5.946694912723987 -2.415763222036388 0.09437206418741889
6.0150189979502535 -2.431128874977435 0.07241909347592042
6.091142097896484 -2.4544016156486737 0.09490288718365776
6.147228655622901 -2.4842468265173325 0.09422876997679092
6.222224323758222 -2.5062224693038746 0.10082426683691972
6.289564443458071 -2.5462711455138374 0.11101500444774291
6.359349827231867 -2.5802706951831826 0.11114078431281649
6.423365198167467 -2.6181592727925387 0.09984355214684641
6.493367101246862 -2.6463671655752306 0.09320221655144702
6.547253815961039 -2.6888381976285185 0.08188192652299439
6.598786349606161 -2.7352518502517826 0.08728946495034387
6.6586954733865324 -2.7680746702070174 0.09795686776241762
6.7142337058255706 -2.8069317017048414 0.11459226447384457
6.768394275097987 -2.8449115516398558 0.11283339823950377
6.828115061563709 -2.8768219941476536 0.10918689965821823
6.888671883761975 -2.915028733888851 0.10485925512014997
6.94795209704718 -2.953175018913377 0.10397179619132513
7.001625449870961 -2.952103265201833 0.10583176293316644
7.063753218428473 -2.9829012382805553 0.12494699268279777
7.108209078179226 -3.0105243084818825 0.11767801104952016
7.171191298260175 -3.016936302032743 0.1292071440633494
7.216547970174165 -3.0338582464639003 0.12966061234077766
7.262991778085149 -3.0464754664775353 0.12740072940376845
7.30646281576802 -3.0708520210097596 0.1255263135872887
7.349443381745526 -3.0872469205432083 0.12859110631196707
7.375469807667258 -3.100078032932407 0.09770490127577408
7.409535034974736 -3.1254080584401915 0.10151055731155423
7.4298624555587285 -3.1531335985539046 0.11420244538574473
7.449142783026428 -3.1808781531229977 0.12235457767824601
7.472689832450854 -3.1810464001915526 0.12322082334132528
7.486435979492847 -3.1904848409697792 0.11825595117207431
7.505156709253412 -3.1876150144347655 0.11774528354615788
7.527755809416863 -3.176891882492953 0.1201731011308623
7.5429281932379695 -3.1675315928976224 0.13077631491417238
7.558980482204048 -3.1441284768794064 0.12809531960686713
7.566555446665107 -3.1152161031840753 0.12557186394225014
7.580173955179128 -3.0945571728732655 0.1256080510039943
7.588373234439068 -3.073706389159459 0.12665076486062166
7.597591060983012 -3.0483218342319036 0.12750799915895003
7.609141145015747 -3.0335749833373664 0.12750505790307695
7.618500286191532 -3.017068774844025 0.1292946775285469
7.622070002063063 -3.0006505543439155 0.11627772737952377
7.61934930379339 -2.9970707314576677 0.10982978294122593
7.626832146955749 -2.995399950274131 0.10628658177233502
7.62633869300162 -2.9965752307058975 0.10167263963289128
7.63024976075366 -3.0166436314830647 0.09367642159423946
7.640603497531901 -3.0288977816894906 0.09343155789986352
7.652132490956783 -3.042655173280509 0.09329240818800197
7.651940680732864 -3.03673568142876 0.0911190874623624
7.65370005420885 -3.030201418992602 0.09128852567468854
7.6595157927207085 -3.0203728813616313 0.08857254859146797
7.667878155662775 -3.011445448748109 0.08164468717148977
7.686672300117351 -3.001302798137976 0.07930314711030327
7.707710067229864 -2.982907881486765 0.08095460446339975
7.727026515824008 -2.9631557620385616 0.08083874151640291
7.7415903875832335 -2.9356517772022213 0.08097861834324784
7.763431669790663 -2.9157666809366036 0.09371520133300613
7.787477748501903 -2.9151241770094494 0.0787611106728986
7.815618676957242 -2.8948411606912656 0.08634205048157165
7.838990243335521 -2.8611835232058818 0.08550754321694555
7.8688475839312515 -2.8355572099811903 0.08601505238927963
7.901704315980384 -2.8078637924571 0.08274509018059731
7.9452714229075045 -2.7788926530835902 0.08876966066941652
7.9855994848481 -2.7535404224523377 0.08937690135827477
8.01538385559367 -2.7204937321482707 0.08570923965432252
8.051181155638305 -2.6869822467160773 0.09768255423009012
8.094019299553631 -2.6658471724783044 0.09686175077431947
8.175738399495067 -2.610778920045822 0.09891914757340525
8.226284378281022 -2.582158363028998 0.09908113345874983
8.279997644541002 -2.5476130372234715 0.10157350964385527
8.33942958703267 -2.518637787439222 0.11006308649705727
8.38210135802035 -2.481266967436159 0.09629048327945383
8.422408029014246 -2.441447973281948 0.11116492260251556
8.473214515510044 -2.4176833544858165 0.11223494926818876
8.516590883503275 -2.3746064536757725 0.12038491853530262
8.560890511893657 -2.336129433561481 0.12394419696668119
8.608493131277447 -2.307045421546247 0.11106343630384849
8.671082703742854 -2.2794742707159434 0.11154118660553139
8.72129872840513 -2.2371795545610427 0.11270266086296335
8.779428522599664 -2.2140183589610523 0.10781788683883002
8.840560845233217 -2.185538553803206 0.1195886279104746
8.889715887144119 -2.1507946800536075 0.12105929618976286
8.9463721112796 -2.119975340715285 0.13097276745436492
9.00440389314711 -2.095203949605742 0.1233814854942059
9.061689074434483 -2.0728643882160305 0.09719714183392683
9.135067846179291 -2.0340635369942315 0.12114018552551775
9.21583282465816 -2.0140701907358256 0.12723576483117727
9.265313034198792 -1.9678916746386539 0.12635376185847808
9.317530689308198 -1.9391535876041153 0.13720658055724955
9.377258065975706 -1.9262117520790771 0.1316852271658042
9.423918063499698 -1.8835886039231862 0.13598291548162955
9.467840539464186 -1.8456517381392832 0.1397454779700356
9.521566943198192 -1.8156648275822085 0.1343303635209849
9.591400204486028 -1.7901376083152123 0.13620589305658246
9.646095036542238 -1.761894054923669 0.12396773878047417
9.698216102759533 -1.7290816544678507 0.13357302900374618
9.76029566163549 -1.7131152482136742 0.14235204778492747
9.816404163986965 -1.6890639271431769 0.14564114331881645
9.868532906338581 -1.662277607724247 0.15151032710061033
9.94740813865226 -1.6429140157048645 0.15515196684213656
10.012434330819149 -1.6104959055527066 0.15105966967452633
10.087778263313288 -1.581364009063761 0.15187558847530966
10.160395980453616 -1.544940417220683 0.15049625255511456
10.21741176095539 -1.5128669900156908 0.13376858726654142
10.27044431627018 -1.4625383692621325 0.15823185153332123
10.329689071280097 -1.4474160479648144 0.14443979035210588
10.382655776150404 -1.3970388478773175 0.16021814583234661
10.44140620666894 -1.3693661770643286 0.15880882791280793
10.505726235211156 -1.3326996262285336 0.15862635696516056
10.574812989844022 -1.3000517944257048 0.15677290499296925
10.636680228181785 -1.2596767620784501 0.15136134092307668
10.699357062503557 -1.2337524303101348 0.1384683048397665
10.77810945023302 -1.209006058510217 0.16027882399480614
10.828982895214402 -1.184491230285936 0.14653943321429314
10.888364559743886 -1.1446480602616982 0.17368572068386337
10.954648616159293 -1.1229441304164072 0.17037686000338723
11.038776099549988 -1.0943084940720675 0.17038069007265785
11.106107383783792 -1.0580797699681872 0.15835885696032595
11.18082204474464 -1.0349460657440834 0.15702953864329527
11.2352336483057 -1.0044390852664444 0.13234574319192893
11.288060553320161 -0.9485657283729897 0.15513476547722696
11.343467311934335 -0.9234300994032868 0.1478017390004225
11.398094917298737 -0.8782566193413397 0.16282299799189778
11.45103727311538 -0.8482420117657643 0.16323488048606158
11.51826583873051 -0.8205548021990285 0.16368312657917994
11.575322171449878 -0.7889349766728682 0.16291422838289907
11.636881666631735 -0.75257333049303 0.15878688090046505
11.694107389870817 -0.7301889461043162 0.13522526677406335
11.767212472596617 -0.7136316688202079 0.1590770312842865
11.821707315287139 -0.6918577372349296 0.162699212396462
11.876567545055913 -0.6642275475615749 0.1765977456650039
11.93974160946207 -0.6463597450290473 0.18060451492112573
12.008738277599672 -0.6377027892145238 0.18147235791436653
12.06743857310479 -0.6004508088998062 0.17488989469649086
12.14044669781722 -0.5925443857447648 0.171263693049856
12.188862988916174 -0.5710379154518566 0.15433777683870406
12.221885226388272 -0.5261948852351572 0.17308297426981611
12.261081810038826 -0.5053116678812023 0.17974879037774374
12.290213140892126 -0.47407188614188384 0.18938165944256738
12.318118083613053 -0.4478104620957149 0.19278223940654382
12.36176148643093 -0.43626053424142675 0.19474228474855074
12.404595285773619 -0.42323573145850857 0.1944000199379621
12.448786349872831 -0.41161717147250054 0.19584095658184822
12.47557680496544 -0.40333728752147774 0.18258775595651114
12.513894219591627 -0.40305432781929273 0.19285888736791118
12.542132110846405 -0.4009924545098466 0.18756853515032496
12.573940443750205 -0.40482441128012814 0.1859255644200286
12.602985660671353 -0.40592773976767127 0.18893086708938875
12.636696483733795 -0.41901361774939955 0.1883663995528098
12.668086911168642 -0.43094161775082507 0.17815235623066988
12.708104482338953 -0.45072937716836836 0.17753184432673133
12.735387576423063 -0.4518447455976626 0.1756017535299817
12.761908507499962 -0.44754835521378855 0.1779388855930302
12.776258978904798 -0.44700914580497714 0.17611083610718514
12.791319583656914 -0.4422498795512331 0.17970635576907196
12.802526443716921 -0.40996602188958675 0.1772984675264857
12.830592027968532 -0.3708716348614355 0.1792005486393436
12.842450134829848 -0.3597687118447067 0.18205268785645784
12.85130453312667 -0.3573466851662572 0.18438456953435353
12.852386392992601 -0.35207358799806815 0.18350869883175563
12.856972672922085 -0.3357389621333358 0.18232527280491523
12.874597055313012 -0.3491334406036379 0.18648325467520926
12.895952399003358 -0.35386220758858056 0.1838698760314389
12.918375281104487 -0.3557010958387441 0.1744257664451601
12.948800719107348 -0.36358919233290493 0.17541300179515998
12.987708645025796 -0.36668182371021507 0.18162976514699697
13.026788252252915 -0.37026773198242596 0.1705154272143559
13.072084492036636 -0.3634019248574696 0.16158190302702138
13.119642534711685 -0.3594901740589917 0.17343335016336073
13.16597245418183 -0.3687828956457301 0.17264171811534057
13.206819380121834 -0.37100707871072924 0.17379993541427183
13.256617753777764 -0.3724943843524957 0.17409915244984941
13.303657363332025 -0.36707054235547304 0.17728059330670062
13.357858316323133 -0.36722820262685707 0.18055635078169127
13.405332091012072 -0.3705984489099073 0.1721312916821225
13.466067666606373 -0.38918666369526794 0.17908904192662445
13.515020874993454 -0.3954807315672641 0.17504753551415628
13.569327080867717 -0.41295347656935205 0.18971680949225547
13.61219412863326 -0.43047052356104926 0.18232752550049616
13.659841805453837 -0.43058531624296037 0.18688630936048
13.718666904064506 -0.4336186872079989 0.2014032232883861
13.78272175930241 -0.44405560498341173 0.2035252298157826
13.84501604152251 -0.4438112201657164 0.19385658236329564
13.914160648487451 -0.44710144872099744 0.19860513752352144
13.971790862336453 -0.45317349128071216 0.17716496588411215
14.055706928183541 -0.44808721784991706 0.2312529491506534
14.110208234638586 -0.45017546224683747 0.22567907449603844
14.179874705294704 -0.4565273367655183 0.23514353684569317
14.250481075243055 -0.43998835858951124 0.24073127310864229
14.32472736777241 -0.446982673924545 0.24715661980929446
14.395937897140112 -0.4517611617480338 0.2427046871010791
14.466807984781852 -0.4559914516630992 0.23676308362359816
14.528142429868899 -0.45612711263463745 0.22536029186054551
14.602739706815182 -0.4745329204157755 0.24229067315502528
14.666005444817742 -0.5016379571045526 0.2515595392778875
14.73501865352597 -0.5018918455244783 0.25656059079675925
14.813795324335985 -0.5004382788358738 0.2801495046940914
14.892904574578537 -0.5219798477734231 0.2816180952173229
14.966060947993087 -0.5403121255886926 0.2797176330284231
15.029694782845514 -0.5458041479169606 0.2503035070874243
15.088235985785275 -0.5758515629713817 0.21519319069013473
15.17250990667018 -0.5446940267915843 0.2639810927389228
15.232530422113774 -0.5602183567843783 0.2681301641894113
15.293069957522647 -0.5676964735252877 0.2686429044203092
15.350839830352648 -0.5792206458384244 0.2700381956640049
15.413712054374495 -0.5789384355997574 0.2717648834689154
15.479315365941881 -0.5792694033331853 0.27676304715795125
15.549857637581798 -0.5790339456299001 0.2832669419045363
15.593630404660367 -0.5789859123127219 0.254226288038203
15.656770989409099 -0.5862750110310337 0.2747458668544827
15.704190684322409 -0.6063769505614249 0.2680940739656668
15.763144704138131 -0.6142592648111829 0.2788682251598805
15.824864877437752 -0.6238431359520722 0.2948520632187277
15.882409144075693 -0.630230849307303 0.2907402714898468
15.944951292303214 -0.6331383380529498 0.2877593407621903
16.01066873718673 -0.640751535754718 0.2834660270496528
16.076529573984295 -0.640592153214612 0.2817262408129129
16.131140568475377 -0.6314448678904045 0.2612383981546518
16.19281930073224 -0.6227494714739249 0.2721235758678589
16.24482907700448 -0.6241642223389212 0.27271196198375935
16.312369173205685 -0.6159122871447473 0.29434413457842246
16.369433597580887 -0.6169782713065897 0.29419754281568394
16.439392481533616 -0.6224979728081745 0.3029980882008582
16.503954619982114 -0.6335674946801685 0.294592336769043
16.578112683307303 -0.6379018456154563 0.29234732745426545
16.636992786860233 -0.6516840552792378 0.27847057602387737
16.697675251076884 -0.6621711888944348 0.27453412566250124
16.75999075444749 -0.6756623606772614 0.283211261635581
16.80985247288023 -0.6919216121268295 0.2804191050872061
16.86800107059262 -0.7035690873512459 0.29272312857723526
16.9135198097025 -0.7356159610512242 0.29569789217432907
16.969213604320682 -0.7485609948748918 0.2898841226343576
17.031950545190806 -0.7546578249915007 0.28218989991723653
17.096036121977132 -0.7648899943802351 0.2820456734492499
17.176387431420864 -0.7548537059758408 0.2808087369346453
17.260715310225663 -0.74263551206563 0.3219849493677288
17.29846515021723 -0.7558469008670528 0.3025520329032031
17.374591503452613 -0.7426351909060332 0.30450201407159366
17.44010606724877 -0.741553718064278 0.3100559686736793
17.50597681267413 -0.7394230846132814 0.3075145104500363
17.575272520748964 -0.7425671341501424 0.3078781333636217
17.636904713468198 -0.7527684513375386 0.2989011838175103
17.709939685158226 -0.7581252077222259 0.29706717110933156
17.767963539260307 -0.7693487019076893 0.261674240075799
17.82907975756322 -0.7844226967182765 0.31603455404585945
17.880425759227144 -0.796786484512795 0.30747401091906085
17.94325988197995 -0.8003100753890543 0.33460686745761753
17.99154157490648 -0.8079427335099794 0.3272884704436404
18.055453963000655 -0.8261537786039274 0.323431447467842
18.11388206541506 -0.8243003672505675 0.3183106169611218
18.175508089843625 -0.8438401207409507 0.32555211549894464
18.222133456395838 -0.8493189386987416 0.2866486926927168
18.27146502989512 -0.8251578320197864 0.30841019419550003
18.30647754600792 -0.8252116014332079 0.3073268788599139
18.343779329546603 -0.8128837425971307 0.31665480252720724
18.374093092060914 -0.801346319067671 0.31892426987820743
18.405693760654355 -0.7898183123223018 0.32060856571075524
18.431072754930007 -0.7891669437532309 0.31721000688532935
18.452758188304085 -0.7875443707050733 0.32388021397598343
18.477484376211198 -0.7885169346881195 0.33391314134700273
18.5055795696958 -0.7977668011635086 0.33393981377388526
18.546211092127553 -0.8000679716669274 0.32945053022808773
18.579077644852916 -0.8206761075035243 0.31670601312444574
18.621427239272652 -0.8473644809811235 0.31952007068023663
18.673053189498326 -0.8673930227827203 0.311556802938109
18.725518211336453 -0.8621712414390796 0.3131717456362024
18.754299977211073 -0.8694559304982499 0.3279956886384193
18.800906196203908 -0.8708983116003738 0.31652418217803224
18.851974993074922 -0.8526716555002887 0.3143790615190589
18.888186220568333 -0.8953536687605583 0.31854757559036284
18.94430616093193 -0.9069304806147934 0.3213815180684502
19.007233707642417 -0.9059656412911036 0.33819251304990355
19.061276120124237 -0.901714518302281 0.34837086017489
19.113043904981524 -0.9047501400168078 0.33792857258831127
19.171164516541978 -0.9109859422352424 0.3324120265387388
19.222292294579976 -0.9177173044894009 0.32394323869041314
19.273245255180726 -0.9330080530332112 0.32006475003506224
19.333784063295703 -0.958733981388682 0.3384284045696171
19.3828428134263 -0.9682636590513926 0.3390163396768793
19.439158934854895 -0.9725738980745907 0.3582754355869344
19.49803256044698 -0.9941734446212852 0.3678492516746021
19.5682748858366 -1.0166552037487142 0.36722223056632586
19.631811744645557 -1.0403967085479562 0.3487312936524293
19.701175570029573 -1.056251640960959 0.3486768660859744
19.75830283570068 -1.0522446231691809 0.3387308422447137
19.829009774996475 -0.98879477568515 0.3813290694836356
19.889495953303125 -1.0045065153793618 0.38091627696422903
19.952622912456185 -1.0202050018597568 0.37069345979603346
20.00984295436322 -1.0083471204256493 0.36721989317295217
20.080559986145825 -1.0241994316990972 0.38021246171784634
20.141435083946355 -1.0222452168616694 0.37289984862590686
20.21741651520435 -1.041890198408549 0.37292416407370726
20.294414608675908 -1.045400189176426 0.38014816443992094
20.34378566155674 -1.0498099908740373 0.3313084762889841
20.42733503632025 -1.0728469226310455 0.35038138307513
20.49379027801137 -1.0926274424151872 0.34134031593078384
20.573145211660062 -1.1166144312198867 0.3573641805568773
20.6463385529512 -1.1255108717935038 0.3585660726983495
20.728101411513475 -1.1589299698847664 0.3518483221175508
20.816332510537077 -1.1807440170702832 0.34583042589426105
20.897399067028473 -1.2043354076596817 0.3381762143935683
20.967139608155897 -1.208567603033791 0.3060534915103861
21.048574317688335 -1.2132915653412333 0.30946075942177037
21.12290217607857 -1.2187419769944547 0.3086496932780674
21.195191727421385 -1.226838361749598 0.32950954100687824
21.269741117633778 -1.2451548801795014 0.3345476072198035
21.35024869781539 -1.2551160947810425 0.34162137876372145
21.424635846798108 -1.2728734171033833 0.33542272143948154
21.50245133375491 -1.2812985001658705 0.3370268240442357
21.567956710749154 -1.291552337945337 0.3154578442128366
21.64605908463133 -1.3180439395639334 0.3105177008527287
21.717070019044336 -1.3387838608345914 0.3119954609669294
21.805673695462428 -1.366745489840899 0.3327873957216487
21.883857328859474 -1.3813892476933538 0.33837874391774586
21.949447914199776 -1.3877408397962092 0.32987367752153446
22.03673440059394 -1.4079467919474138 0.3301315530560175
22.131017530231976 -1.4301047731247665 0.3175719765831738
22.204344540234587 -1.43488637195715 0.2917661853273906
22.282464944962857 -1.441804767488285 0.29881676102377164
22.356356821981507 -1.4545172828665147 0.3077178894563185
22.43520909110363 -1.4545593651982538 0.3219451639982925
22.513291562968234 -1.4667148114058652 0.3393338525556937
22.584675799522376 -1.4716286878904035 0.33628428063026344
22.660360627800426 -1.48393660614491 0.3313692544981307
22.724961112678837 -1.4781898376361025 0.32986966770113174
22.772285399298468 -1.478655819853543 0.2983324304885248
22.858240975857626 -1.5135112886455595 0.29917099804571123
22.923650978456426 -1.5449790383055897 0.3032769589704506
23.0225056131863 -1.5777808530847501 0.3004391993283282
23.09126991992235 -1.5900089430592972 0.31186231959078065
23.14009193930196 -1.6003581581064827 0.31042404042493343
23.215748888646125 -1.6137832979911277 0.2931477201720988
23.282553223472387 -1.6343366033576074 0.2946995161947596
23.337581228963572 -1.633205889126642 0.2752885412191108
23.388298781314802 -1.6176356775137264 0.2865635675711406
23.44564690125861 -1.6359400518523488 0.27217821397941694
23.496700286251823 -1.630166585427559 0.2772345152178181
23.53976298917598 -1.6303293038698732 0.2768567064366401
23.577207894401717 -1.6340370984018702 0.27826475011615376
23.611607403229115 -1.6355505561852426 0.2836771196285219
23.64796357869234 -1.6488316200608928 0.2927985131262005
23.68108227128572 -1.6534734974012344 0.28422454488120796
23.712934771325852 -1.6569527495949776 0.27623013766838295
23.765810436165474 -1.6657800740995872 0.28280537075971823
23.797321884404585 -1.6892872144768147 0.28209513437830325
23.821044928306918 -1.6842225114078455 0.29710988700492647
23.85409602972891 -1.6645615143481023 0.29698518753646813
23.892679673341203 -1.6759607274432375 0.3058381991246493
23.92666770945309 -1.6613835243883048 0.30593880726713457
23.94127573218147 -1.6481364597523607 0.30979348562109205
23.97101340259177 -1.6324379735167593 0.29858538748046215
24.01105561659297 -1.619482777980589 0.3144908783702959
24.043064358788 -1.6159221593593482 0.3011062906880661
24.091026744212833 -1.6329058837965194 0.29204165452852004
24.16197237203415 -1.6457133124602359 0.2858414174324193
24.216541057991062 -1.652103930724402 0.2867808462879504
24.250286352404725 -1.652824364352336 0.2740309538244198
24.296400236759112 -1.6696662377638618 0.285909022136261
24.345192311168606 -1.670851914992356 0.2838865768509735
24.422662398528 -1.6703859964169894 0.2929864724951577
24.486100911316232 -1.7006216907755538 0.2988096924114055
24.554421518730084 -1.708275970176286 0.2961659113236479
24.62400919143092 -1.7156276523610152 0.2778196508302806
24.690970199321203 -1.7134112491529259 0.2858506470191686
24.74693110628346 -1.7081741980250627 0.2789955280528093
24.81405558671711 -1.6873354598832233 0.2900264303838321
24.893118699541958 -1.68611522630808 0.31265199907203944
24.964867758994934 -1.6564415114835191 0.3240522400804628
25.027027713092394 -1.6520143825218079 0.32370686309947294
25.09885141132639 -1.6495438247057086 0.32661390750620856
25.168298321217993 -1.6506931478612654 0.31047510265907935
25.247447201048384 -1.6539915270827112 0.31108810032895684
25.310636516396876 -1.6540980914769898 0.2936269386460105
25.382574403075893 -1.6626421153793653 0.30006457889920896
25.452521604823673 -1.663501099643563 0.3162969529002039
25.5283813994297 -1.665483419287612 0.32768237717442833
25.60779417124054 -1.678118101124008 0.3392328499655471
25.69470165404942 -1.6887564287407404 0.3323046212899801
25.78694826023341 -1.7007132902590818 0.3265411608921669
25.862556838461757 -1.7086595173829204 0.3110561448109708
25.938055794106077 -1.7092670761464754 0.28158823188158777
26.01451942677338 -1.6897469615994942 0.31718940408584106
26.085775362190947 -1.7040177810311792 0.32176999079363183
26.180786960339564 -1.7061292511822124 0.32818293501320706
26.259433973146713 -1.7071605361902498 0.33127220442148675
26.326278198865513 -1.6998219338459517 0.3294803684556645
26.40056431093039 -1.713258203232414 0.3182453709642677
26.478145392153024 -1.7201199612390867 0.30129012507572084
26.546632922967152 -1.7152995694044737 0.2945474860464026
26.627228630850734 -1.7296144075323314 0.3104087390427112
26.703601792037926 -1.7384354071128452 0.3130050678204321
26.790735483908893 -1.7581980646425424 0.33296919675698144
26.866567457424914 -1.77379436000812 0.3368404620869424
26.948526979962498 -1.776921036696836 0.33102224853888884
27.02819039838847 -1.7771171561794743 0.30932690767266074
27.109705242581544 -1.77851898629719 0.30291894236492417
27.188197371202104 -1.7730867193736406 0.29302345311010497
27.267868409125064 -1.7632067742991155 0.31467418851495926
27.341308851987566 -1.7781390047561834 0.31248908961817984
27.427977928032128 -1.7741493707043128 0.33431525778496984
27.512460949400435 -1.7713301004029252 0.3466736193002285
27.58906407634111 -1.7683949740141476 0.34273339094134175
27.665317249406783 -1.7824463064982548 0.33928879767539105
27.74605660577461 -1.7804257273293302 0.3393667699648748
27.815286775763234 -1.7845356539801494 0.32545555034542556
27.900241890254453 -1.7983478591081332 0.34310728155872294
27.97863438657813 -1.8081002037594924 0.3489627881219269
28.051207315555875 -1.816869068621553 0.36005379770745566
28.12902748567834 -1.8215280951975674 0.366367078495858
28.21010780896365 -1.828095921888565 0.3614737191756136
28.294254262238628 -1.8335169924546355 0.35956647675454595
28.37382274746751 -1.8409237366966507 0.3493262817081316
28.45695886370555 -1.8342819343509702 0.35013193289845157
28.518864568043792 -1.8178131031930607 0.3706662854066987
28.594544742688935 -1.8275340969014313 0.3733851008021895
28.66838739727839 -1.821629448234751 0.37903096773076356
28.741780329296855 -1.8219992379837413 0.3883727435118648
28.817455872573213 -1.8279988511013594 0.3855285578052696
28.895360548301827 -1.8391652594837893 0.37949908260288695
28.970318559362465 -1.8453209623068692 0.3645033421196881
29.040723149822558 -1.8524165127795216 0.36008473409128405
29.116812657593638 -1.8694764672767492 0.3722900352967641
29.185377772161743 -1.8800085233484942 0.38188404730808767
29.257803967028075 -1.8860032082491653 0.3914263728437617
29.330433171163552 -1.9028496794621585 0.4016220971151396
29.409236274361152 -1.9226312694645735 0.4031237216687536
29.476476722427993 -1.9266050138552497 0.39920250307067723
29.544120315429748 -1.9341341922990227 0.3890086751296524
29.595176718935292 -1.9367880811193683 0.36447262760631105
29.65409980382066 -1.9189775656943036 0.3650739920932846
29.702476611003977 -1.9150386448080599 0.36862559425234037
29.749433223261192 -1.9031530713565663 0.3782410410801611
29.786892209365053 -1.8908757741347182 0.38847788689021695
29.8295959464859 -1.8911048430768966 0.3968576889265862
29.87569806201171 -1.8926883088966042 0.3985656602050707
29.90701180754005 -1.898401823841682 0.39335298398257007
29.93277997643983 -1.9005817251066341 0.38640547095793376
29.959364291554767 -1.8990617993816785 0.38895196087844114
29.988858050000605 -1.9041126698872584 0.3887931711627259
30.019948485058677 -1.9123760707610542 0.38877311142245774
30.047419549698972 -1.9048482289015558 0.38747414193198754
30.084866197505093 -1.909648367480345 0.3845570758725705
30.13085303674176 -1.9121247339291072 0.38320640053159405
30.18305325939519 -1.908001491573366 0.383641340027075
30.228053168753714 -1.897646800327869 0.3854610416358058
30.26794743168641 -1.8843716295747945 0.3742014347228609
30.313454273779108 -1.8783545986252401 0.37400040336358964
30.36107777681849 -1.8788826624548531 0.38009503248159926
30.40395609660797 -1.8602401676365898 0.3870721138311785
30.45544956908752 -1.8496151370694933 0.4026395401420023
30.498854837805098 -1.842272726769949 0.38962398683741545
30.56522328956485 -1.8433100310768293 0.39086944085021774
30.62544681625546 -1.8408657260741161 0.38795237348619044
30.685319592472634 -1.8383970342399019 0.3931354371612808
30.744755329824926 -1.8381305690876752 0.3883939512185219
30.81090038899636 -1.849700285425007 0.4032763675899131
30.871318988503294 -1.8612004161369256 0.39973163263179173
30.937127603169838 -1.8634031286244073 0.4095710369271214
31.000714628724864 -1.8746633919923714 0.40459134410775915
31.06500939813906 -1.8749929849611795 0.39422495601868524
31.13657603209322 -1.8677444865091781 0.39321514877453034
31.21205515044419 -1.8669927023881558 0.3925920991848142
31.287256232755237 -1.8670043600309343 0.39215480019918547
31.360490554858675 -1.8606291275774645 0.3976981681801108
31.42872306962328 -1.8604645105027025 0.4080063534545926
31.492171591780128 -1.8526612106724714 0.4081457453926205
31.562410945099803 -1.8336976807837808 0.415376149214304
31.632880321142647 -1.8251979601793502 0.4191773583774249
31.704137794521472 -1.8205760289099016 0.41150602107956497
31.78335640140984 -1.816419161688091 0.413961230830591
31.857370835566098 -1.8161561208796055 0.41171505025667865
31.928088816989206 -1.8188026557124792 0.4082061132449067
32.004066170842925 -1.831740395878493 0.41832754841373926
32.074908904289394 -1.8326195527393174 0.42811743005849673
32.15000272311478 -1.8341946964677678 0.4428758268974248
32.222257049647425 -1.8557402565686951 0.437993515858724
32.30199849707408 -1.8551869130597665 0.43695312139732617
32.37679384811156 -1.8613399972815874 0.4211016093381188
32.44853466717242 -1.8672645559808767 0.41196921735765396
32.5203885112616 -1.8577525100078027 0.41007594507552114
32.60254194655965 -1.839552299851833 0.4366167650147873
32.66610512983627 -1.8396912167227486 0.42664522663223386
32.742716469344295 -1.8272581468089713 0.4399774143083631
32.815662866823914 -1.8287523286918785 0.44372805968310963
32.896352894302744 -1.8334075088939845 0.4472542505164579
32.97572225833416 -1.8374357923055546 0.4371040188106241
33.05026417942951 -1.8296945701562533 0.4170488966597535
33.12507427493174 -1.8268990637624962 0.41070115847598704
33.20955767377194 -1.8304144447344712 0.43129196892630933
33.27882607592107 -1.835697468745575 0.42947313276476123
33.356196926610274 -1.8481248351109512 0.43847768602879833
33.433055043656324 -1.8556853637144488 0.44357217897641477
33.51337146592987 -1.8646597686564377 0.4466790715678477
33.59898390050275 -1.8629179736937684 0.4457422020252264
33.67914388167286 -1.8641374648795372 0.43966249415750563
33.747769163001465 -1.8649329918851199 0.41714847333056226
33.82544414830237 -1.858046891514375 0.42324904030235355
33.90038263209601 -1.8509893641669763 0.43299045892584653
33.9757135470689 -1.8361329955221573 0.44448170670223786
34.05278517755738 -1.8183379996704976 0.4473225322464839
34.120064760250195 -1.8144516206874424 0.440333544124637
34.203620596753815 -1.806355603030419 0.4469338263553566
34.285357213495466 -1.807312134729615 0.4441910692635398
34.35158065837367 -1.8063493245908526 0.4257520312494349
34.43179240246747 -1.8132513257190834 0.4411888339535703
34.506654287010846 -1.8254715709850544 0.45385042983896123
34.5726790802663 -1.8293423065633545 0.4498549705189357
34.64372422826742 -1.8293456541219923 0.45089325042327727
34.71389388499486 -1.8360951871668822 0.4548605077351788
34.78651826376633 -1.8459863701880979 0.44795023060863226
34.86366809431648 -1.8534468385375533 0.44479213591030875
34.9314175397929 -1.8521447637129251 0.43229473262233536
34.99264081142593 -1.845971586635745 0.4142933020324463
35.059224516110085 -1.835921296138266 0.4297116400150775
35.109560651400486 -1.8340531371348363 0.4278149161304141
35.16138213273667 -1.824496568529345 0.4276771511281889
35.22190450542113 -1.822895635682095 0.4453698551914656
35.27162158382123 -1.8206019687125665 0.4416326775957589
35.32571949942664 -1.82047127942635 0.44219812534199554
35.38014600333328 -1.8198315415977782 0.4480330308954809
35.425939825488676 -1.841316032737719 0.4232956156741575
35.46695247078198 -1.8553802824880772 0.4119250086749884
35.501800577362495 -1.8545128665510147 0.41454498063607853
35.539041633664645 -1.8590103728130227 0.41850922865621354
35.57790129331922 -1.86616280184472 0.42867726179898763
35.61244767976806 -1.8692885270371642 0.42829276950349743
35.651539815427775 -1.8716336148551798 0.4328482458250574
35.68494625925216 -1.8789510793898787 0.42422338102116997
35.72088031290985 -1.8744720953743559 0.42560728118234786
35.75917758192762 -1.8686190195112498 0.4254825222936061
35.79224923962034 -1.8630845807565615 0.43238379352192424
35.81911490012982 -1.852931680634344 0.4241562371072493
35.85781627057333 -1.8432076243113318 0.4449111901415781
35.8958124049771 -1.8367163913829738 0.43661441184942507
35.94400472471327 -1.8369025726469195 0.4246743232829195
35.99782144183199 -1.8423811772372107 0.4165119692143565
36.04793065045908 -1.8420461690322378 0.40869415829891
36.09838754402654 -1.8462073533842043 0.4070575133636833
36.15732491915984 -1.862033812664264 0.42795247730022434
36.198129610042336 -1.8629687399642298 0.4275052362836933
36.2633085232773 -1.8648477936875774 0.426600681192589
36.326499163474914 -1.8811271967947791 0.42603788417290617
36.38633239977088 -1.8932437688560828 0.423095946857338
36.44851318747723 -1.8919939777631014 0.4133718282430338
36.51999143335308 -1.8942442971270599 0.41512078805895175
36.57573511459294 -1.8830789208336494 0.4149262883080257
36.64104560658661 -1.8804811213414567 0.4051465912604929
36.7158589841229 -1.8730730065386263 0.4221095783968487
36.78731691786111 -1.8777765931419732 0.4229359451124461
36.853292514624144 -1.8654987624340158 0.43287581519778146
36.92483008755285 -1.8561679508518092 0.4416654645038554
36.99665747738637 -1.8555583607614745 0.4411524092402464
37.066031771882784 -1.8581018728592795 0.429668760946351
37.126231405296714 -1.8501263228801186 0.42483395971910276
37.18904030797544 -1.8579003373380365 0.4029706143535004
37.28107936549944 -1.867832322081251 0.4204368711075858
37.3661885797639 -1.8832887127380697 0.41869467111605946
37.443223996019114 -1.88900667237391 0.42781765359983526
37.50962919050642 -1.8911996448134187 0.4206342724347308
37.60463212711834 -1.9016857837206294 0.42052057866298576
37.7016818550574 -1.9133518604535222 0.4163841112953082
37.78541971345854 -1.9155841759271144 0.40658935985465994
37.87238656338802 -1.9161181698381615 0.37877289304004597
37.9758560610278 -1.884366266469038 0.4044965849796426
38.040757033644 -1.8845414720499278 0.40610444078563335
38.09830584900211 -1.8682613794769578 0.4193779365841836
38.18541078353011 -1.877369725913596 0.42033429671240036
38.26589156973856 -1.8748735169092463 0.4216339254061762
38.3357796554644 -1.8784615722923792 0.4212866796955368
38.43085238334122 -1.893227903748795 0.4147773666343282
38.50842147616946 -1.8988501728419902 0.40159599172857674
38.58927291156892 -1.911442519506917 0.4200923076887175
38.65824327764165 -1.9377137372162023 0.4131502405571479
38.73336690901501 -1.9392208711132608 0.41522342574219756
38.820719497114375 -1.9521527839240689 0.42894097376671037
38.93365644848769 -1.9664888961947211 0.4269614004804624
39.032367256234714 -1.9652055687473617 0.4154924757420577
39.098119050796384 -1.9893104950368778 0.40576863392247975
39.17348667854964 -1.98981920044181 0.3904679615167487
39.264376200281674 -1.9728841215488473 0.39433109016761436
39.32898815527276 -1.9786578922596219 0.3945047715080428
39.39880849632497 -1.9759509442759648 0.3902509119510535
39.49722377060995 -1.9746617495302312 0.41101985388610973
39.58442024759588 -1.9746283122999377 0.4120310515882017
39.660558521617425 -1.9846693584782265 0.4133744738004935
39.73963182199894 -1.9867009676014242 0.39716412333931184
39.809628141741996 -1.9838011826225104 0.3850462264498275
39.88954257435241 -2.0112599636534663 0.39496247972031806
39.98088901359583 -2.03923127062702 0.40472206303635994
40.065772860081815 -2.040841745361051 0.4032985786544714
40.15068282533674 -2.0425309488409495 0.4224546867587585
40.229306029624894 -2.052336881697793 0.41554255754898145
40.31277080892646 -2.0603974875932516 0.39770208253757255
40.40185326995383 -2.066705846477196 0.38550456349660384
40.47840354671641 -2.0670900420030915 0.3771736399810836
40.55935680823467 -2.050293622016907 0.3661737786583611
40.6329094198645 -2.0480887588207497 0.37869077182029814
40.712413788609084 -2.0474231122772517 0.37901670803219517
40.78511068593942 -2.035462824068187 0.39945402432034427
40.86224197386596 -2.0353373459853414 0.40263025218101983
40.945474828997156 -2.034961416718959 0.4049401784897598
41.015136587479915 -2.031525788264087 0.38856870287384604
41.09782155676911 -2.0263962390891033 0.3956863125147385
41.16518189344595 -2.0340638179536144 0.3757565741219119
41.24807076061732 -2.0509773927316024 0.368753538782906
41.32875395233644 -2.0669127378650343 0.3670612357330408
41.40642566354857 -2.069148042332887 0.37532831365616676
41.485751813672174 -2.086859480432744 0.37516238844756983
41.55793625044963 -2.095979361283404 0.373459420138852
41.636142391956795 -2.1077394986670117 0.3701972681808555
41.73064914306593 -2.1107859634210677 0.36505757319821236
41.802443455167534 -2.1077329178474318 0.3511202399734295
41.8768182420265 -2.092915386516557 0.350177789806062
41.93462731483985 -2.089225759772887 0.3509418814050529
42.00001012271033 -2.0902057499507354 0.35106064365877143
42.05288602064541 -2.081265609621494 0.3625682368177434
42.112325650839146 -2.0803040519017455 0.36983141550221615
42.169495854481575 -2.0819014335796773 0.3692259027477964
42.23025677373093 -2.0953315633174845 0.36442986182860876
42.28475808561907 -2.0938135518065226 0.3551819478340699
42.341485773032936 -2.1036238501631948 0.3507398627272803
42.396007934955435 -2.1214510698722453 0.32980551845738465
42.45534585455697 -2.148682898098436 0.3420021968532954
42.50124550402927 -2.1568713830315054 0.3395572029578523
42.549707724974795 -2.1666447753377804 0.3480771302183413
42.58932519963474 -2.182615043859188 0.35344203589707746
42.63372287089612 -2.1913314184396553 0.3526548445312259
42.67099485346535 -2.1982387468744062 0.3591367511372693
42.69642485263059 -2.201828984238971 0.35595728713332786
42.72504561800198 -2.2067040122860617 0.35639082717422216
42.7581690288929 -2.188320388521103 0.357453748593883
42.790827641455834 -2.1959185186611685 0.35644577574933267
42.80467555276861 -2.2041377632045247 0.3426764077087335
42.829381179037746 -2.212187774460478 0.34236618229743476
42.849255034492714 -2.225978801422969 0.3511892322059504
42.86552807961771 -2.257406059395952 0.35304595279021356
42.877108432189786 -2.281921925703606 0.3492671943618563
42.88774995524243 -2.297139001470076 0.34400486479981923
42.89727552228443 -2.323284692277101 0.3444810767444907
42.88648237595324 -2.351721144009062 0.3347849045768822
42.88004047691267 -2.3745497601797934 0.33445950104205435
42.87815943916441 -2.4109209355330146 0.33820633200305106
42.875475929953026 -2.4426815985061507 0.34387719870486033
42.87704515543428 -2.423130713529927 0.3447312337291703
42.86871423763912 -2.452485656764235 0.354236215830672
42.842252647422036 -2.405707355579092 0.35590112697484005
42.82560720469341 -2.4125496288240624 0.3731981520631783
42.82722212683603 -2.337441723519921 0.37191668427502356
42.85052665218816 -2.347880944069163 0.362906047719023
42.82427562374817 -2.4237257882662324 0.3767433240940805
42.82859463113234 -2.443953691784037 0.3653429340773383
42.86362219664804 -2.465277392705198 0.36482840811980094
42.85091711485969 -2.515192287723679 0.37211416049484686
42.84940440042997 -2.531041055873031 0.35584294518407344
42.85330150909044 -2.5270264058824243 0.3478039432021108
42.84704269639695 -2.5535724950716188 0.359307825986854
42.848816510122816 -2.5802368486561753 0.35937339798618945
42.85492574911728 -2.6280464477089813 0.36482817069898216
42.8490411281397 -2.6575053170657705 0.3548027739313673
42.84903107844059 -2.6792597734816965 0.35133355177480874
42.85923694640736 -2.707051137454085 0.3439840916736877
42.855319660136324 -2.74838528624834 0.3398753293297681
42.85236229265802 -2.7985063435520146 0.3518507947373819
42.85070308715068 -2.8500841884334625 0.35655568757428246
42.83766247270626 -2.9177428032990957 0.35713317628818425
42.84318585378566 -2.9673829212145577 0.3427880279305854
42.84296527506019 -3.021391492800123 0.3416199635484145
42.84355264770751 -3.076125812522354 0.32409709275727877
42.82849567173902 -3.131178150432311 0.3280113959717939
42.83040860267237 -3.1988160067182068 0.33280477886359516
42.81461525014148 -3.259321679829148 0.3426516091998941
42.79872771213887 -3.32153520648271 0.3541109072347109
42.78474354805604 -3.384989648156924 0.36695260413585734
42.78483363016031 -3.4542803461986407 0.3516288210636511
42.78472549134577 -3.5240140209642354 0.33540684366430945
42.775565536346825 -3.587228361267043 0.3289468788048314
42.773665984532734 -3.6593965991842734 0.3481991402909396
42.76667801868618 -3.7194927709371535 0.3377173404479165
42.738784280408126 -3.8195748145952684 0.3480370748906517
42.76134846044892 -3.9070240160768375 0.35005598997557086
42.75937494147436 -3.9835103599970663 0.3527536298223618
42.75731668696794 -4.053001572683875 0.34018993068523495
42.75114875836443 -4.124661557699296 0.32063656560839654
42.749008309355276 -4.203851537046049 0.320193973710151
42.74679700002696 -4.275253145559466 0.29687841900828865
42.718022648469486 -4.349342289434172 0.32463909256418255
42.68047796886313 -4.405419907977966 0.30984245216434353
42.68705875353162 -4.491798948844283 0.32456227101578106
42.67293498125086 -4.558328067191474 0.32618692496975965
42.65616612448871 -4.625975070429894 0.3224961171210692
42.650064758583454 -4.708698066872417 0.3128149830291391
42.642045551491925 -4.789702191574827 0.31097410241807083
42.63786452302115 -4.8606631645257075 0.295991907680322
42.63780841059113 -4.93024126457935 0.29318735150898084
42.6286373612344 -4.998713866365927 0.29489361405085285
42.63486780704306 -5.081549034716259 0.3028375516228177
42.62433366807656 -5.1678873442126045 0.3128276934850041
42.61717586356044 -5.249359604572036 0.31004702991211175
42.61307051795837 -5.329329632329722 0.2772374391699196
42.60795243627821 -5.409108178189315 0.2716488594091979
42.57821573446504 -5.464149896495515 0.25988286176444475
42.55449489495148 -5.5283564003523 0.27163252540031724
42.54794646761527 -5.601020297195908 0.27184161306664445
42.52545776543294 -5.663823803130428 0.2918681799636531
42.49090671066379 -5.7142155949288 0.29374699078365724
42.48062211213039 -5.787164779596154 0.294478555720642
42.461209494204276 -5.852325802937592 0.29369961138306244
42.442088367140585 -5.910057602094146 0.2879759424342751
42.44410389712101 -5.9769696795034735 0.2590513532949149
42.447475368250025 -6.057260479423071 0.2771857795724427
42.416235167795264 -6.091157762900091 0.2811106359834272
42.414872350916866 -6.154477768315869 0.2830332713041774
42.41505896182649 -6.232535845410567 0.28705208191795883
42.415476727485434 -6.30443695305407 0.2861976201497214
42.4023403488544 -6.371343672889924 0.29204652438858714
42.397904240846884 -6.417896857917131 0.26391952595957363
42.377794890577775 -6.445970976626159 0.24726323372417297
42.35577584706755 -6.477395114603956 0.25510259468588503
42.337159526095725 -6.502113299446847 0.26798971018665024
42.33772819323251 -6.548339989315063 0.2733509273068067
42.3315998375749 -6.5736217883497305 0.2693702533406893
42.30866504937791 -6.58834688406013 0.2764335605316213
42.30872397942854 -6.612061719132203 0.27577768350729503
42.306685390838766 -6.631740074474979 0.2755566566802927
42.30226638284317 -6.648988437055301 0.27443637610655774
42.30263708457638 -6.673826654944145 0.2745897770606876
42.295210543781415 -6.694355315765484 0.27471480595528885
42.281172451035026 -6.707861947026509 0.2732261003161528
42.27097422676777 -6.717686392943396 0.265419258585517
42.270455224045286 -6.739069493913299 0.26458432712117147
42.2160621272051 -6.714758476118225 0.26475752898888333
42.14262101417589 -6.712255421825191 0.27146438600852785
42.095174783192846 -6.710730006527325 0.27873592532258057
42.05226621837588 -6.713632746888828 0.28510789750100063
42.02902333677462 -6.723569282252789 0.2855102311618271
42.006746918537836 -6.721933394412629 0.267749938778308
41.974110036510865 -6.729223315841919 0.27024035048224543
41.948446041244864 -6.72818886414434 0.2691900037575114
41.936999687020396 -6.727490687009518 0.2661248723569483
41.93085258584501 -6.736267515649092 0.2708354165637508
41.93139830326631 -6.739676316085108 0.28078623499027744
41.93627061776066 -6.751817940940217 0.29696953436861184
41.95491961167188 -6.759901062328649 0.260602707879852
41.955162147807314 -6.775758649637877 0.28420769198854834
41.940389763714734 -6.769453156976652 0.2939332032331435
41.95125283636811 -6.7776832236437246 0.290716428416394
41.95635058631724 -6.787921542977225 0.2901733592202705
41.94245237885663 -6.786517364836043 0.2945991827183061
41.92939449578623 -6.785579441341973 0.28830854471830764
41.91292212353466 -6.782383143754949 0.2814800708526163
41.878679762388494 -6.7857773639115395 0.2691845787445339
41.8465719018783 -6.786183239270838 0.28032367160498484
41.82302857519951 -6.7865662238048365 0.276216562102394
41.78062212773713 -6.782203399505151 0.2738849196243124
41.70503867882704 -6.780069270814298 0.2724674309076059
41.64956287510288 -6.781640569077681 0.26543641131430507
41.61031590880654 -6.790021214000211 0.2578314226286476
41.583895366169784 -6.792565166934462 0.2573510919644257
41.53166409930525 -6.788016372671853 0.25825143606800194
41.449413572745755 -6.781491468558073 0.26349855881610884
41.39696299805045 -6.791073696211232 0.2716947548039949
41.35529526933808 -6.803165997796502 0.28029820432693925
41.299036572617766 -6.803631626754069 0.2805717570696272
41.23027838306633 -6.801768835007829 0.27710847955223444
41.16639590239302 -6.800176903968619 0.27631895038481896
41.11367401188058 -6.799947643404423 0.27460152800395987
41.044773162716815 -6.787148769436187 0.27477827823173406
40.979201086609 -6.783859858068087 0.2884866432927374
40.906392735231286 -6.771260578247727 0.29398893203903814
40.8322162653722 -6.767513738013704 0.3045497866783482
40.75464734002153 -6.750893435575882 0.30523600803357614
40.68160737773157 -6.747625343550627 0.3007206522172998
40.60812451764698 -6.7385950986184024 0.2928578102150026
40.54030633568765 -6.730263811013164 0.2773378105124204
40.46019739197883 -6.736349464104507 0.2978905235250046
40.39820881865728 -6.736663348020061 0.30036708691314484
40.32441887343734 -6.737838897206153 0.3239045588202599
40.24994118133272 -6.739203661464088 0.33509279044407897
40.17636273447123 -6.723855595716267 0.32743655097509006
40.12788181215768 -6.732762532720039 0.3208696066618237
40.05950092372634 -6.7271227147859545 0.3072718876718406
39.987418730752495 -6.725543744088932 0.3056472058012219
39.908986697054445 -6.712121885494812 0.32228384397191506
39.837581133605646 -6.704741634182211 0.33204769555325264
39.771412480829014 -6.6990952861777275 0.33445451984725566
39.69267741358871 -6.686491095014619 0.3525015233105093
39.63130044264075 -6.67166909635391 0.3474747468088055
39.552469908643104 -6.660486241513284 0.3462603166356398
39.47629293276026 -6.653611973912807 0.3452383005137922
39.40402270027302 -6.648751010103492 0.34059907373878207
39.338256381180635 -6.662016065614247 0.34092936082243824
39.27053280326755 -6.668464757510194 0.35412078064300245
39.20063424043084 -6.668685527018167 0.3582576942627984
39.125845886672636 -6.6807690075089905 0.3781186966728314
39.05151377377638 -6.6805399273632595 0.3862490811638105
38.977005756357585 -6.665342409452415 0.38140187750660454
38.90071192908898 -6.654471082026871 0.3772320651356283
38.828278747171126 -6.6360348105076135 0.37456709157222684
38.765830709950414 -6.638144057050361 0.35991660463483893
38.68325817842316 -6.612644280319935 0.3881996023390282
38.61501540381219 -6.610812082403578 0.39165188058869793
38.54763046800114 -6.606570860427177 0.3981036070936851
38.47358383767004 -6.591465986132246 0.40955135401976644
38.40170761368645 -6.583030148017989 0.40284102506278147
38.32303440241683 -6.5778625200765015 0.4018910091048425
38.24423202938926 -6.5641480855387755 0.39278435846229287
38.177278036979665 -6.5630941310945 0.37701217876180887
38.10192116121097 -6.567042668510843 0.3727669952568492
38.025752960098934 -6.568329541257622 0.3861233507178446
37.95572457772795 -6.562674965390945 0.3885066082853772
37.878980790387864 -6.567685382938268 0.40647051925723754
37.80828836462288 -6.567180882106567 0.4055082851437182
37.73176689816315 -6.570554873906245 0.4080339375661211
37.661472276436214 -6.558972932875971 0.38819086779092626
37.58287618654445 -6.549161144270005 0.3917565561470129
37.52945669938104 -6.542597721777828 0.3612811499225591
37.440535009091754 -6.528562559503237 0.4106983454365515
37.37444213936853 -6.514177858178787 0.4061957698035283
37.299980565541105 -6.496885114825065 0.41219093175956245
37.23041346490764 -6.490773571098493 0.4200361920365384
37.15818678492393 -6.479095228975503 0.4101146173545239
37.07782859199449 -6.478178474475793 0.41573913141063906
37.00175432711782 -6.464014073971613 0.4071603193015987
36.93652772218286 -6.455869526765879 0.37977931992848496
36.85472650213676 -6.467902530666372 0.41465205538114286
36.78929388945503 -6.455578493981694 0.408463953696184
36.718588088037365 -6.457707016512097 0.4163356201411591
36.64966182464707 -6.465504170795182 0.42344310667906754
36.57337330142272 -6.461047203030986 0.4304688104200281
36.498160320565724 -6.446372836869581 0.4292921916453394
36.42696774562487 -6.439388031441502 0.4183469497365763
36.35570299542348 -6.4361537071310755 0.417144134659193
36.293934691930545 -6.426165410778125 0.4052779859974209
36.21816064157446 -6.407106846607445 0.4258087511289528
36.148649655693575 -6.3880555698342105 0.430204706922087
36.08087479513883 -6.382251427063955 0.4408626247871274
36.01097918150777 -6.368867364971856 0.45722907662819806
35.93432071812231 -6.35616939043891 0.4583939722380453
35.86096865313106 -6.356158037725637 0.45094458536979515
35.78539939646097 -6.338346691909138 0.4391623281928477
35.71525106801211 -6.329468129703744 0.4271184640124275
35.64086456225701 -6.333004544986946 0.42477272048767745
35.5686093320393 -6.33754512691454 0.4445920129157467
35.50166735419206 -6.3397337206019655 0.44451670455884124
35.43346535700295 -6.346749805026158 0.4592991702778666
35.35773146187852 -6.337969355482366 0.45935236601893126
35.27902982035732 -6.327970433530413 0.45710233934425887
35.20568708599195 -6.317013883114775 0.4513653360874387
35.14133842671921 -6.315739989444372 0.4384370266609482
35.082302338101535 -6.302574573107436 0.42460835542664943
35.00276317116506 -6.292191400767665 0.4545493380771664
34.927753204804844 -6.275843695775386 0.4646434169643213
34.863730551035886 -6.2511719718092955 0.46607633510979424
34.80088747494152 -6.238540377556332 0.4838447416412529
34.737171395524165 -6.225365782065898 0.4866196034355628
34.671902876066 -6.217839932483717 0.4944208766585119
34.61139935452252 -6.210510577184255 0.4886000715127877
34.54533559501507 -6.207285655261943 0.48252436491990996
34.492050370398005 -6.203466383567392 0.4591501614483014
34.43933617551695 -6.215452625544821 0.4651914334090413
34.39354801906906 -6.212242028001724 0.47737039781033286
34.35239715697017 -6.21183972791067 0.4835810538444914
34.3141359539411 -6.214332559949895 0.4903518705527231
34.26652390017318 -6.21433461426682 0.5047792397420713
34.23145330826276 -6.213904903992579 0.5047309295903422
34.21443377905122 -6.2028745960900205 0.4935735333882563
34.18655153431921 -6.202647105043023 0.49722552737830683
34.145626386975636 -6.193643153682646 0.499181997605286
34.11071983132327 -6.18691239783018 0.5010763270028875
34.076696522679725 -6.181356142909377 0.4993153569667441
34.03970235266757 -6.169517987153819 0.4994673917669945
33.995911633582054 -6.162109812834739 0.4944027986162867
33.955661092307366 -6.161639319344599 0.4997234710249605
33.9178570384564 -6.148218672387384 0.5007686838088822
33.88010113434028 -6.1387499873152755 0.4849464411741217
33.839906944348314 -6.14416529948909 0.4815254603411261
33.80241862712408 -6.145849090842614 0.4839584237951428
33.76472518632568 -6.146062067379236 0.48300873032105446
33.73317728314574 -6.162913627784087 0.4834680698297086
33.68774873374977 -6.168817000321857 0.4938160463166656
33.644601027889436 -6.168251497988089 0.4909678713961949
33.590564812716366 -6.167988202276715 0.48452426019931144
33.53695340748603 -6.170372550510973 0.4769612603445437
33.47802231496316 -6.164726915851633 0.4739417186320463
33.412408060916654 -6.16142055484001 0.4736262910264266
33.35666419422774 -6.158739221971197 0.472185416912817
33.28754116202564 -6.151948892858771 0.4869304502422776
33.215353273339716 -6.140099349614569 0.4946603965704471
33.15566276080332 -6.132663894273065 0.4946913264698164
33.077898776940664 -6.115367141292482 0.5038583047691175
32.998821803245534 -6.097938474097316 0.4923807371874197
32.915267462351046 -6.099658891114667 0.5005841112913942
32.848355453173355 -6.098907311500603 0.49466143643775123
32.78557642661127 -6.073424362000761 0.47996833654640036
32.706719856813926 -6.080667175353824 0.48607376097190663
32.63861621740363 -6.082541822274956 0.49411228946022745
32.57687395690889 -6.091702038981791 0.5013890156068064
32.50424869328696 -6.091035441752955 0.5111711178067382
32.41986687383995 -6.090574929977905 0.5126317725981914
32.34206199234991 -6.089633549214616 0.5170252075369564
32.278702109351734 -6.089558624090657 0.5145657040197711
32.21171777796349 -6.088349081099663 0.5187789982019599
32.13872393961827 -6.076789457631665 0.5206963519856311
32.05347987367493 -6.05968276720871 0.5286253818084167
31.98284663993207 -6.056902825340895 0.5341844038149985
31.906981767669972 -6.04003613024835 0.550327514933121
31.827137611798815 -6.032530966744806 0.5531256564597038
31.750031392375796 -6.031955748989996 0.5401786200353751
31.673971647293477 -6.029410254303218 0.5406584293840512
31.58435667527323 -6.018986853580964 0.5273813518013627
31.505410130140692 -6.037686177076647 0.5265634643810708
31.434091620459213 -6.0358087629299195 0.5411072262431011
31.35463412569331 -6.028390857871439 0.5421659135325172
31.27897631497054 -6.032877233013686 0.5613986379389915
31.207010268656035 -6.020543036234665 0.5611410627893385
31.117500875841763 -6.015561810938798 0.5672367922157551
31.043388532499065 -6.012423185999707 0.5559068903816927
30.96930024181868 -6.01464913867691 0.5564532164231327
30.90893680405251 -6.00970851052808 0.5400707126145314
30.826346414619017 -6.003487042157612 0.5718691794687166
30.760795643315795 -5.99658433944215 0.5654407670268582
30.676145704469604 -5.978073363928122 0.5785819354428579
30.610350189883913 -5.971258017044605 0.5791733298568033
30.52907454365223 -5.9652311767082455 0.575659553666232
30.443429256572287 -5.961551389519868 0.5760458237167845
30.353318500903526 -5.942207914961063 0.5699544121208753
30.27908025452745 -5.9363976247203 0.5519246852711757
30.204266113571066 -5.939667715222059 0.547848948781406
30.152923009488408 -5.9493997987233485 0.5472358454324275
30.108129333431105 -5.9495283530861895 0.553412122592534
30.041049937014993 -5.958981363274551 0.5800722307594388
29.973882866892477 -5.945723919686617 0.5816397375174494
29.905202698723347 -5.945998176955363 0.5857822582891649
29.860877346753234 -5.958838132190653 0.5859769760610007
29.81118003024956 -5.9589203420160795 0.583980966988337
29.752263132565513 -5.946644892440998 0.565240589076235
29.695230195523305 -5.943100745949759 0.5741091590577216
29.644491011533507 -5.9239453071982 0.5762559589258195
29.577753045428906 -5.8993530590410135 0.5834528637518489
29.5374742897786 -5.908896257682901 0.5878353553814635
29.497036952001356 -5.901385440589969 0.5883581193620968
29.45108558524947 -5.881269461782997 0.5871862440130394
29.415067930048554 -5.900270176474947 0.5850121245017493
29.392237883359158 -5.906320677561219 0.5662329475859196
29.36946925761566 -5.9177904649211905 0.5714168404010934
29.346171472840854 -5.92043920866631 0.5735005154465418
29.31829760323337 -5.927999177333106 0.5861527732645189
29.29686832402338 -5.926283902681809 0.582273689570754
29.279352085456416 -5.921812385202897 0.5736112218851956
29.2587078083225 -5.920354161312723 0.5759632429681277
29.23470208047487 -5.911033473270768 0.5624060624405969
29.200713691361837 -5.901305721808129 0.5510484859436569
29.15089637095499 -5.886297711742568 0.5656488826514865
29.105079942366878 -5.884856126804522 0.5627310423712749
29.046687174559423 -5.866861905335086 0.561946545840428
28.99417590773871 -5.85212736676153 0.5601093029376626
28.95082623479025 -5.848470643111888 0.5427925065114668
28.903151546914994 -5.854982848997728 0.5562704378213599
28.84750542970644 -5.845412156583476 0.552265799104223
28.794873869932726 -5.855143205906917 0.5566270065587661
28.744359530038157 -5.857739338830809 0.5614706823911332
28.675415158700158 -5.848704647366138 0.5647577209535731
28.610806579311994 -5.840056843822373 0.5609444916688384
28.545780473539462 -5.836105107036143 0.5651189117460625
28.4943642225764 -5.825830326035111 0.5350431874283988
28.41605314141168 -5.810230347532308 0.5653102566573498
28.353153853781393 -5.801833081722043 0.5710211340584175
28.281562680786347 -5.783075761088866 0.5706226178709112
28.205874066073655 -5.773856957440496 0.5767778411953512
28.117514129955374 -5.759689536171709 0.5825192370936619
28.040069811329886 -5.768242415999304 0.5896296903087846
27.96522211394124 -5.759579403817588 0.5792852241946992
27.891491686864967 -5.741114193072456 0.5544744763473554
27.814138809670776 -5.74882589426523 0.5655466122078764
27.73732805579637 -5.7421826867729 0.5687613865075523
27.65550831371446 -5.742569167444911 0.5807427516128528
27.57470474973132 -5.7403210036851124 0.5932711937014408
27.491761343498215 -5.731047529376433 0.5948735050117238
27.41727944613092 -5.730665762317556 0.5863451867387706
27.3502881444182 -5.7242530013887105 0.5844941667361514
27.286769936141592 -5.7189735162016735 0.5617372841527064
27.185235889874374 -5.704067046708826 0.5958075020846617
27.112401043860352 -5.693403686018686 0.5956303359946773
27.022228109486242 -5.6871294649912425 0.6194819340312223
26.94973713779579 -5.657293280586955 0.6198380438840337
26.866845050657478 -5.667736448452705 0.6272908062365374
26.784407772106732 -5.658318742671915 0.6126877775513053
26.698286509198848 -5.640217975851752 0.6036321991705449
26.622066707867702 -5.647661952468306 0.5920065933000953
26.553948982396825 -5.655615859481735 0.5935724632187053
26.473286094380995 -5.6513475557776465 0.6009406888668553
26.391210038726772 -5.649282257931761 0.6229246893473169
26.31429853670652 -5.647048411834089 0.6310309008089607
26.24212509223632 -5.638448469965096 0.6312680450956445
26.18765145290053 -5.631725679466832 0.6041206099019731
26.11569702930078 -5.637032440422104 0.6076414175987953
26.050001759113474 -5.631191177865713 0.6029792279673513
25.96808796994586 -5.603449107615307 0.6084362620162812
25.89692139714324 -5.592950664330164 0.6148992670358655
25.8158991078517 -5.582846196990819 0.6259127953933593
25.743067939930235 -5.564091596485582 0.6245768861035141
25.656224932347914 -5.563015269045354 0.6270458855552462
25.57322313525309 -5.549220173370692 0.6235066490030108
25.498778056971773 -5.542665896300111 0.6083693003622869
25.43608296520436 -5.54687220347822 0.5976133303739316
25.354025341933518 -5.539011485841533 0.6136361913599944
25.29041410189581 -5.53374635561606 0.6138684535919698
25.22527597156228 -5.547614729787458 0.6229159376221539
25.16048371055767 -5.547208830076747 0.6255037300724542
25.084460140132414 -5.533342106795702 0.6256952422036625
25.006621876402935 -5.524898009996187 0.6184528664445322
24.943783292643253 -5.515596399922805 0.6160549418405465
24.885387861385862 -5.508505771613941 0.5907046344987275
24.80119758123188 -5.488812454334695 0.6227189399685426
24.73272304889242 -5.490106467475275 0.6263340716215586
24.66588861683674 -5.48447090409996 0.641226129927687
24.59169626836282 -5.464743047731598 0.6426045831490732
24.519524797217056 -5.45422405369101 0.6384484676490989
24.438627294275967 -5.450441035231981 0.643894083160296
24.361577955149563 -5.435330965732034 0.6433503438084481
24.303125355397707 -5.423586042599228 0.6109846970844327
24.25600014448892 -5.443359633828628 0.6209512163132104
24.19299658860363 -5.433980355200291 0.6264843522174183
24.125767173468812 -5.430260614483752 0.6399761869957595
24.071631043063814 -5.430219030016463 0.6474261738173216
24.015736865612922 -5.429194554571266 0.6582820163057721
23.9819223286714 -5.428523138009095 0.6497561489106497
23.934258374092956 -5.428725786724795 0.6598785510934462
23.896527953441463 -5.421605675687484 0.6289947267642604
23.84868067005376 -5.410398206775627 0.6357682294739295
23.787176612202824 -5.4102429863976225 0.6476485711597008
23.746731809023597 -5.394934652515417 0.6387230060144321
23.70030691024722 -5.394409347171323 0.6516876827720989
23.6485950879844 -5.385755281418814 0.6513142255969905
23.601368871913646 -5.382689340451912 0.6502625646005844
23.555979972554972 -5.375709544743769 0.6452342101164497
23.50187656003635 -5.364136571238501 0.6473779743675766
23.431992092797355 -5.368906923938492 0.6377641007887047
23.38832272820281 -5.361831519825171 0.6142456957722423
23.33178170278696 -5.373946500352739 0.6448575423553863
23.27549130401448 -5.348691783884006 0.6528451487428364
23.230350902787997 -5.334528348859688 0.639993345511292
23.166120877329377 -5.348321700904915 0.6450334777708978
23.115142493299764 -5.352843974425196 0.641613249460473
23.056722734914906 -5.347007653415216 0.6346304260310438
23.003574656707595 -5.3508904679937945 0.6318050835165264
22.94284444074793 -5.340376208841373 0.6313459069256174
22.88569695787938 -5.330961588743063 0.631391443981875
22.833372797162227 -5.327241384535616 0.6406665143932345
22.77917466772382 -5.316635290099952 0.641067333463707
22.721416539580616 -5.3020669102500415 0.6364906170842285
22.656979860702318 -5.290736635107903 0.6444701592514978
22.599015324956937 -5.28539864180882 0.6391396463333547
22.538689716823892 -5.2864613932573015 0.636678067023441
22.471236532646103 -5.286360758511632 0.6333455035643232
22.405014902122737 -5.275996354437159 0.6258739675807227
22.33566974582586 -5.276239170010589 0.6228435441101189
22.268348475592393 -5.279933894998209 0.6351401072761939
22.203161256891605 -5.277802805157485 0.6334008405492281
22.13480173277441 -5.281314124900617 0.6417463788362348
22.060045859219933 -5.281594235928527 0.6523668520614858
21.98583754377178 -5.278093915329085 0.6514249524592539
21.911251710934923 -5.268718577435668 0.6507720004345854
21.843312018105063 -5.260637757325976 0.6337759831818606
21.78619109804743 -5.252562546754454 0.6103588630610213
21.70762097171953 -5.2325330378316925 0.6317729043840019
21.630430111702285 -5.224702792772413 0.6392817046603926
21.55598136863665 -5.21356996125322 0.6496457470151095
21.483945044806077 -5.205807536813792 0.6531609123173592
21.40635001023812 -5.202728005708296 0.6560265913699229
21.32855324751875 -5.202693679045696 0.6528873971945903
21.244754401948384 -5.194932854889485 0.6521261181385579
21.1660113680321 -5.186035203212806 0.6476053451635447
21.091525450847456 -5.183395606717162 0.6321899201248062
21.013442649142103 -5.181771629355552 0.6456533889947841
20.940107982232725 -5.178020915078489 0.6508382814431518
20.86469787036933 -5.187204555166754 0.6644280859164392
20.78574948409557 -5.183173732220696 0.6734946919971003
20.708469328067025 -5.177060299744572 0.6743132384826417
20.635855202749397 -5.165510727173169 0.662678002132171
20.560484589692997 -5.1657725996270925 0.6558769196610817
20.500289930339378 -5.154137538976272 0.6225308439795876
20.41271232850848 -5.137214818656464 0.6760564646129598
20.33931865021344 -5.119976672575213 0.6788873058216925
20.265151385815376 -5.103326718605204 0.689753746781127
20.19106342901381 -5.0956390588206855 0.694639741446743
20.116123159386508 -5.083315534340328 0.6986103240903986
20.03619564291646 -5.070264775633228 0.693630767106436
19.959855190877036 -5.058605953151492 0.6884355264398302
19.890203089935692 -5.049961674388499 0.6691951416549616
19.81351683495047 -5.061987747399467 0.6699762924254232
19.73636455142063 -5.064057548990532 0.6832049755667027
19.66377311745617 -5.057526171482456 0.6799054820031593
19.57864358115042 -5.057932067385803 0.7043259673402588
19.50048587510749 -5.053984687652655 0.703463910179437
19.419720812972614 -5.0517600278150665 0.7043562210915049
19.34672086768008 -5.040793099876115 0.6856584040688174
19.284712265034756 -5.040737588484916 0.667108253502128
19.222183390278182 -5.027092362627962 0.6606952041222658
19.128080909042247 -4.995943319551472 0.6933168929818203
19.051009022780644 -4.985866399040618 0.7059502269592548
18.983067654112002 -4.973319103783901 0.7101553677511757
18.90886465564165 -4.969043526597495 0.7228645916812251
18.840391432406726 -4.959571563426545 0.7132751924694587
18.763418270301568 -4.950782750238897 0.7130039693322886
18.6766091857995 -4.935925792858385 0.7125526401063543
18.619526429736485 -4.924038728729768 0.6731744484023814
18.554452728723707 -4.9536951188421465 0.6805932642442445
18.490251109264786 -4.949664095390428 0.6841519483849794
18.419989279745774 -4.945270700919716 0.6845040130962681
18.35105962262348 -4.946825476600485 0.6960427220197264
18.277359264716846 -4.945274977668481 0.7072172170467763
18.211657753308085 -4.943342041534668 0.7076091566683744
18.156724728565152 -4.944725461645994 0.7043002563175859
18.101765866195546 -4.938407955757792 0.700728730323348
18.047680403433542 -4.9247304129212495 0.6826907980785502
17.986404247500253 -4.9153626939049735 0.7013158683041704
17.940256529125424 -4.908131486833168 0.70099380352534
17.89446133621637 -4.8917428750601015 0.7025476085280187
17.842761183065527 -4.891145366340481 0.7080405934778865
17.796611686256412 -4.889832180997701 0.7078765006474661
17.756153762747218 -4.870662881974699 0.708093201033139
17.71840746245843 -4.855881781818988 0.6929027759679796
17.684528599611323 -4.866023469948931 0.6985469096629435
17.657210823562668 -4.884741887376953 0.6970744109345227
17.63784447631525 -4.887358025886992 0.6982710332941638
17.61294607199798 -4.898224435013923 0.7004854481399485
17.589762596742638 -4.897023393194196 0.7010724884304513
17.57962448246832 -4.901097498235998 0.6972562660623612
17.5718545642203 -4.908560171737967 0.6975148817443654
17.532679679384177 -4.894191881561608 0.7045955144917264
17.51007150628008 -4.873722533256117 0.6942833813609732
17.501720641750858 -4.871659232399217 0.6937336957705815
17.482797601680577 -4.873038617520685 0.6940987318769222
17.457048424462545 -4.865291502019783 0.6951419126402618
17.424769265999753 -4.847908600264526 0.684147193057959
17.387217291533606 -4.830210422796128 0.685787723332938
17.350916974541992 -4.836380214955612 0.6898434805372601
17.322685155063596 -4.836908821658245 0.6858507171549484
17.28440661247373 -4.835144510068608 0.6772679907996126
17.234881320191587 -4.824820110569389 0.6721376789860609
17.182609222369052 -4.827480136842171 0.6848477730264332
17.15425080884926 -4.823188818564822 0.6883049556057416
17.11112167436074 -4.8178779554988775 0.6772363058437394
17.066547284960592 -4.820985034018735 0.6853487943677098
17.017278800579586 -4.830469051422951 0.6881192574879644
16.955850069478924 -4.826269482809571 0.6894867036992697
16.894733638966862 -4.817425029839159 0.6855405182087302
16.82582692582318 -4.821156043762153 0.704724081738466
16.773852791673317 -4.819446975601221 0.6921150800333367
16.714612679156918 -4.802194452540567 0.6736037712438734
16.64901564753215 -4.792440370361195 0.6906450474987362
16.585838172099184 -4.785452072621462 0.6905788355487249
16.511577838834203 -4.759011782053201 0.6962766019982559
16.445508953279695 -4.754859562572023 0.6925322811660456
16.36851832907643 -4.752900082053996 0.6961868357414561
16.290324368110433 -4.745862900239974 0.6940733321813981
16.207804751028544 -4.72477730537974 0.6947365720158211
16.14269542493793 -4.707596858606205 0.6639541463868907
16.065464004185102 -4.705251178532817 0.6763947307191542
15.990505234422308 -4.697949215502543 0.6846327806628785
15.90584909620798 -4.697291928241325 0.703753050818109
15.846673955625535 -4.6954286213706435 0.7085183352492082
15.764956542235097 -4.689772402363565 0.7136680737539146
15.688874245143817 -4.686153282116863 0.7052593555705522
15.61068895855714 -4.685015027354348 0.7026653884061632
15.541418960615829 -4.653578890232946 0.6826080094085385
15.46880102540687 -4.631925430900984 0.6831093851316316
15.393671976439311 -4.62202361685022 0.6927638151852944
15.307013600044476 -4.601436285705955 0.7024432290798024
15.239228744496296 -4.592144314915747 0.7053216332016964
15.16790423485706 -4.587180150060018 0.6992326687904323
15.084780499516523 -4.575163494312596 0.6946364943414545
15.00093299234384 -4.567714545180301 0.6981791915853266
14.932369273618708 -4.556236172925407 0.668904439457208
14.848268811928786 -4.55687225796638 0.6893776955270754
14.775845881677514 -4.548349172611129 0.6790299959251271
14.699692528483132 -4.553972116232167 0.7015087504987807
14.623726899188974 -4.552501521685538 0.7104119506348066
14.54674704031047 -4.542796131945536 0.7104142555748858
14.471386867367437 -4.533769727028206 0.7011844459430314
14.398408103450855 -4.527461513493936 0.6883532142783901
14.331512993944466 -4.526880669224227 0.6698797870025788
14.258107414409846 -4.508943859443412 0.6702002662644008
14.183031048347026 -4.480306234043638 0.6743406065281695
14.097619126958664 -4.471917680054686 0.6825966086377445
14.027391467785103 -4.450687986163144 0.6853919301592591
13.955521734719689 -4.441135020832839 0.6886029520850446
13.880713460464987 -4.433914824567645 0.683319140856034
13.797929951735943 -4.406403908165157 0.6802814738939766
13.726406845753997 -4.3905879947574755 0.6586035269656638
13.650417616826237 -4.3958997809773965 0.653809348183711
13.57941072492286 -4.381149817278624 0.6505102378879188
13.50615775727194 -4.379746585431414 0.6475197503240214
13.43404508831224 -4.394574735151057 0.6711009227315762
13.362960960865545 -4.385263698255995 0.674155536240023
13.288176360220053 -4.374778125774901 0.6744775904636955
13.217843083338142 -4.372004291856885 0.6572964243091746
13.159503970840126 -4.367073823832201 0.6457056772182926
13.094620932745466 -4.33671258080245 0.6293900428840046
13.016592261512308 -4.3172024136663545 0.6475363332198102
12.956743691054145 -4.306509395070504 0.6609692318214944
12.89586939446478 -4.297442900342334 0.664328543252582
12.83913772775769 -4.288318003496367 0.6687979619993822
12.774618314119584 -4.27457952133534 0.6697897747045279
12.712927117984332 -4.244057303989009 0.6690544229082237
12.641163332674871 -4.233460330636802 0.6750812538691869
12.594034836671037 -4.2318412347329515 0.6469185968612662
12.549162128591753 -4.243844797532749 0.649996409894806
12.515241490888345 -4.243960188660606 0.6538081548290834
12.467500607582275 -4.239723448058172 0.659628431823979
12.432374055226788 -4.240169481469576 0.6655192744476909
12.398438602258727 -4.241050065493013 0.6690881739703337
12.38008444959109 -4.2413637134228654 0.6601712751352157
12.348950686134994 -4.24169419165954 0.6609531620320724
12.328255455489714 -4.229552491435139 0.650327477431107
12.300123089111771 -4.228571941488228 0.6550140037986388
12.263101642109229 -4.202883545890819 0.6581787899211398
12.22447524784905 -4.175803720990556 0.6571254082254904
12.199586801633277 -4.168370061987507 0.6541041633740974
12.171775408084127 -4.161285345380645 0.6450152050987941
12.131660432882748 -4.135782731909371 0.6442212730596482
12.091644564177887 -4.116149368349085 0.6420733150633633
12.054604263494621 -4.114846734953473 0.641730128736039
12.008713129389717 -4.098636250417643 0.645302900149216
11.954138564770995 -4.083122829286787 0.6461482907941658
11.915889219019531 -4.061328089080467 0.6277464849767223
11.866768984006452 -4.0629304743166115 0.6399470478243675
11.823522064644914 -4.046039149021311 0.6406528879175556
11.772504394156517 -4.0464182083438285 0.6427161764582021
11.720005624193147 -4.045133349801111 0.6574803550614807
11.667804114158454 -4.049316119588527 0.6599136416132805
11.615247968006038 -4.036295926064385 0.652440266871292
11.552174042462088 -4.02016209525594 0.6571849779832094
11.496680977157357 -4.016311803146775 0.6521982662278735
11.444333660965572 -4.003993671491578 0.6355071361598749
11.389704787037708 -3.9775707270667207 0.6236848179994251
11.321842857151877 -3.9582342074893746 0.6477756063090653
11.26459256176611 -3.9238332323273633 0.6423315874208304
11.201201800551146 -3.9117292147681755 0.6421620187837744
11.136547294916005 -3.885942090654483 0.6438818781551632
11.061746271818002 -3.8692317340642375 0.6425171008071986
10.994588067985365 -3.842944083268227 0.6337365539349613
10.911484550775077 -3.817079254201924 0.6402079123771948
10.84726958783741 -3.7937448797710154 0.6225145099849203
10.773707127185178 -3.791618368491069 0.6322374284584943
10.70114423392465 -3.767175470306773 0.6330104888535127
10.631284960230753 -3.7536022170702554 0.6445164697522907
10.560319006393229 -3.731007954483522 0.6465101681757149
10.490791978685676 -3.707608072703469 0.6452662423580104
10.4227198120291 -3.680929020156964 0.63081326098713
10.350211291516322 -3.660612819527301 0.6298776240609255
10.289832459745742 -3.638394974138272 0.5969606278636624
10.219732270947834 -3.592534182472159 0.6110176242699281
10.149258676345005 -3.568867803341745 0.6211998186880422
10.08843088001428 -3.5309041373302312 0.6182033460685427
10.009750035454495 -3.5096418094375648 0.6266081799494787
9.939917370456723 -3.490244737695563 0.6213164983765761
9.861095408821104 -3.4771916423165754 0.625475901218064
9.79328340278422 -3.451124633109874 0.6125613280054821
9.722963972668653 -3.4224492513653932 0.6037966109107777
9.658801687380711 -3.4165856186320815 0.604132044946517
9.585246629793458 -3.3921626421399784 0.609848609312632
9.529327884156695 -3.370133595679086 0.60912121034437
9.457485293081415 -3.3541771366138806 0.622050395389549
9.392742152024939 -3.321811674194731 0.6217079722686716
9.328209506964242 -3.2902201120653416 0.612213270914893
9.265023209487014 -3.2593994792977847 0.5931920877250146
9.204380469216758 -3.232499820778501 0.5776396666662055
9.1482144408349 -3.210664839280698 0.564449043031858
9.079732823183036 -3.158161028795614 0.5884712115526244
9.019365253338703 -3.1154983953631556 0.5957770314259352
8.956621665628973 -3.086898217008387 0.6040099622334014
8.893686188345503 -3.0533586164444713 0.612175546129113
8.82875440217491 -3.033725955872423 0.6087768196147408
8.763497661223871 -2.9992893448221056 0.6089528727074345
8.691708515168365 -2.9536490313104964 0.6062323584478836
8.624417790025669 -2.9185791012791857 0.5939290123951976
8.559552508740405 -2.906453056313532 0.5901652781521654
8.495184801986873 -2.8937766889604575 0.5901837331901151
8.433669911318935 -2.8839613144358607 0.598356220462125
8.368017603111658 -2.835834940719723 0.6019260232295656
8.307651198147374 -2.8220007027231886 0.6087760914582789
8.25294987032218 -2.786453237733839 0.6035902573033725
8.195904613613179 -2.760419476820466 0.5989923444620321
8.138744295301215 -2.737443305541157 0.6032681709322316
8.099459482898077 -2.7124048844157027 0.5781164215449154
8.055769632319826 -2.6927615600535786 0.5786799535285018
8.015182442881322 -2.6621138594616536 0.5855891046663855
7.975441274684155 -2.632286819934402 0.5910773182778383
7.942397454013535 -2.6308863116347454 0.5996030396061586
7.929482777692627 -2.616347066650032 0.5809136687577703
7.897189348681809 -2.6136519236984275 0.5815983256110178
7.871706301444039 -2.610868759499673 0.5793703878536766
7.844540999826641 -2.6105696631987643 0.5865685317852554
7.8355777603026215 -2.6157529652164335 0.5748758264165983
7.810714006495636 -2.620664761595443 0.5759498489533937
7.793516117364163 -2.6282844439159048 0.570353368114905
7.750292243108106 -2.6399700904560537 0.5763792182158112
7.715953346620267 -2.6561413317679934 0.5769033151312349
7.682790407634114 -2.664083064422278 0.5837557272246763
7.661515310763224 -2.6790347918989523 0.5770310072380987
7.639797610061799 -2.6992813095318025 0.5751229993467082
7.630373347333978 -2.697435570274714 0.5478807493536435
7.611843689041744 -2.684806020442 0.5547333385506054
7.609075673326011 -2.6528767569452523 0.5638028361593521
7.580055308761181 -2.6342052406844902 0.5751392391004109
7.560674570975614 -2.624199489346706 0.5744438813216618
7.541860821474946 -2.617304212079078 0.5606333566288787
7.520068234612231 -2.6154082991095025 0.5439479919696423
7.485119374023136 -2.620009684357607 0.5416795527674696
7.4467229074382 -2.6276531258626616 0.5407935740502259
7.403252826508339 -2.6330216722003885 0.5341090300898542
7.347411568295184 -2.6379303510701666 0.5303410657624273
7.3019059153459045 -2.6512004715702417 0.5137020456118898
7.2425419886672895 -2.6513702335667797 0.5092624306803638
7.176397756294617 -2.6587028138032567 0.5241438828234725
7.12235289166446 -2.628788667563176 0.5314067927621648
7.052428001569867 -2.646312230652045 0.5389707459315227
6.995759871001874 -2.6526648176641494 0.5388532740850259
6.918695939028478 -2.659173936998377 0.5387480076818548
6.866846864782933 -2.6526475236952405 0.5329257106781006
6.802345074608462 -2.669258502258918 0.5266427967160523
6.7416646596459024 -2.676543556689506 0.5111771896216348
6.678247910701505 -2.664825046328961 0.5150148490762831
6.6074919091155 -2.67297144107002 0.5346410160892958
6.546097127165357 -2.673256597657754 0.5310218614265485
6.475098047141442 -2.677259259532492 0.5341522263263372
6.39817788406868 -2.6822583675985125 0.531919341908991
6.324473025423051 -2.6830293622882295 0.5210607874819345
6.247533092722668 -2.68879249619547 0.5228130741975151
6.184535855892691 -2.6959925090173127 0.495854358667341
6.110656022522087 -2.716975502573878 0.5062226665810717
6.042214031251231 -2.719785930463743 0.5070857348459751
5.960633493650164 -2.754316073278306 0.5199703221656048
5.89832386002949 -2.745626945940007 0.5209184636174533
5.822530772439271 -2.750992759395035 0.514548526655094
5.7402837656623715 -2.7613305665376613 0.5112873078486144
5.665895813750978 -2.7731214891160025 0.4889849852592251
5.595330061211609 -2.775110464252963 0.4747042985590407
5.508490158202999 -2.780084068353582 0.49223128068136746
5.434132068355132 -2.7747779538184485 0.49669414543460816
5.352637287103528 -2.7743785677220374 0.5040965160129774
5.277658724982459 -2.7770238308258084 0.5042516482934545
5.20383390630302 -2.786022149344424 0.5058285760985171
5.119874768088803 -2.801033099273725 0.4967077437256668
5.03420781782561 -2.810991599743712 0.4840461972175568
4.965129185176679 -2.811263199753926 0.4573413284058434
4.878045210428161 -2.8448953760457445 0.4704315148450004
4.798516503954329 -2.8609576715020175 0.48095701181707834
4.712949293152178 -2.868274675212947 0.48524505759385916
4.632570446481286 -2.8683536915578123 0.48888207400747663
4.551055636426215 -2.874791071213041 0.4844165585387129
4.47172879561479 -2.878099039554957 0.4655806362109326
4.401062586562381 -2.862247346126017 0.4434044889041753
4.326609689944485 -2.838072244923149 0.4307357993443272
4.234689144462341 -2.837889240410432 0.46819440820914987
4.1575250497402765 -2.84026820435166 0.4699818354484697
4.070689004359527 -2.840534736247423 0.466143233502842
3.994809200748999 -2.854760890751147 0.47825127968272707
3.9296197038851712 -2.8663663683027116 0.47770981511798194
3.842580101121258 -2.886088325219576 0.47662098459976615
3.7792584567906444 -2.871985931706054 0.470468310493252
3.703318406254146 -2.8754501027409813 0.4406630166342304
3.6157339625039837 -2.9016742463682825 0.4574774571641215
3.5473764270672756 -2.9059171392864416 0.4550279220607442
3.463523855522575 -2.906424400034283 0.4565046490346414
3.3838347035271212 -2.9066954988185376 0.4596073852596172
3.302718808146946 -2.9104230376635476 0.4577095179759521
3.2328714782178567 -2.899637234549588 0.43837657018810533
3.1445676898207173 -2.9071571454322305 0.43560005103154154
3.0881831033461373 -2.8759206774413517 0.3936639833645988
2.999379985918928 -2.887041613235097 0.42062158780552733
2.9260555262628047 -2.8885108783506466 0.4239633391441818
2.840604420765804 -2.900356817045653 0.43846453374113553
2.764179409138704 -2.883347562222714 0.4336160163711417
2.6777202622459826 -2.8865961148779675 0.43399746311636395
2.5886542765770866 -2.9103034529036482 0.4329985150985012
2.5058413219003794 -2.9252643725153487 0.4343123833707635
2.4398619602103655 -2.9225157368632786 0.4050274199940774
2.3541972396101527 -2.9469321643709976 0.4091048964009263
2.287075715652365 -2.9377248848706636 0.41584001281540706
2.199931510818542 -2.9586255636004637 0.428034544619921
2.118540051121962 -2.9705808514636063 0.43156141859021757
2.037668652790589 -2.9764649921307758 0.42990299984486496
1.9616377859779013 -2.9747981732978075 0.4211747173627125
1.882297550463355 -2.9846128005832604 0.40219990688886686
1.815392187077424 -2.9738442287674647 0.3876249471383127
1.7482879216428373 -2.9611532064980692 0.3700471274994471
1.6512464375811713 -2.984476441826148 0.39830010788029074
1.5775464282439764 -2.981974469417051 0.40239635053201955
1.499461179866849 -2.981250033709865 0.41592530483569196
1.4205487578975504 -2.981815164495205 0.41848035576432324
1.3387587825104972 -2.988455592173539 0.41358625372291913
1.250019517583416 -3.001367520114298 0.41198701018858597
1.1842549951797297 -2.9910624841342424 0.39924156266522337
1.1121832872747983 -2.9908706931000792 0.378395674091267
1.0343276090872167 -2.998704170571773 0.38365641676179874
0.960694949710171 -3.018922458102644 0.39219336177618697
0.8827478146583879 -3.02350933731241 0.3940429079255488
0.8094909472303949 -3.019686262090828 0.3927213247979326
0.7337543614616712 -3.0202052536145443 0.38421441781519655
0.6709653119057055 -3.008144641401624 0.3651226382421397
0.6134420781867592 -2.9985811604040316 0.34137287672093264
0.5643711962157463 -2.9770589658349476 0.33468952685477177
0.4882982600370653 -2.9883858193345394 0.34096978739255723
0.4172006345578473 -2.9982601415275205 0.3513360389151209
0.3684014558793536 -2.9946537816681893 0.35828974191000235
0.3113677012563336 -2.9943825102409747 0.3609622590716598
0.26277379394787403 -2.9870850109536433 0.35749295433057426
0.1945322165783058 -2.999428542026669 0.3613087264818807
0.18484267437811908 -2.9726441076992103 0.32690963699025133
0.12206522651394279 -3.0047599903518973 0.3411565892939674
0.0969144980107199 -3.0050708737511815 0.3381430788797621
0.07202336519691135 -3.005489819293095 0.33561910923317445
0.04603896492287768 -3.005965649249904 0.33823793812378905
0.0336024097655746 -3.0011640529703545 0.325582231488965
0.021529685672233775 -3.0016703660489026 0.3183184940939162
0.0032266934766922092 -3.0057750646030286 0.321547910110066
-0.017759359803782675 -3.004060542643305 0.3297374217227351
-0.03790755075509165 -2.9908413576852557 0.33289103789922325
-0.04994623970453508 -2.9877061108586793 0.3356361885623205
-0.06003076637129966 -2.9757154143063227 0.3350622211102597
-0.06500293013686982 -2.9436846301733737 0.3337741115024937
-0.0779009721516998 -2.9101050670589537 0.33946274386309927
-0.09685418129722213 -2.892957003953676 0.3421746420763389
-0.11249042579211445 -2.8742566435435313 0.3455369604392172
-0.12101149617591532 -2.855821769469884 0.3394842460123989
-0.1460557391575825 -2.847574573535501 0.3430779460445856
-0.15933948904167278 -2.827558477311406 0.33034933225217084
-0.17186465501482476 -2.7917341109358365 0.3365988623991253
-0.17385805961059694 -2.772816260545824 0.3412126313614108
-0.18105442720039 -2.744811647778791 0.34610899703296727
-0.18598354937574543 -2.7212363212492265 0.3322118381503243
-0.1879115783700149 -2.6933019366655984 0.33350530601033507
-0.18767643475102483 -2.6764235838483237 0.33008710891089565
-0.1859532767735085 -2.64213452159943 0.3397398865422157
-0.18681737497479597 -2.5999639510205568 0.3514768129932689
-0.2006638548674437 -2.566684964381286 0.35262605607738723
-0.22391758338661474 -2.5490009054192244 0.33712849767725767
-0.2737355684263268 -2.5184077032426457 0.32481985928447177
-0.2695211536317018 -2.5003135343350467 0.3364817007273442
-0.2677623904569939 -2.504387307271706 0.33541771510502344
-0.26990292210296524 -2.4927696885614155 0.3291572420914659
-0.2886204342062067 -2.4427139037661725 0.324122902696619
-0.2726972204929642 -2.4391559618475815 0.3235913435180466
-0.2641970952757644 -2.4653356403388664 0.3233957466144047
-0.26644349154144736 -2.429665252719429 0.32590438266916544
-0.2579882561309503 -2.393554679732909 0.3162898464951195
-0.2539839035884936 -2.366811239571508 0.3176531966840688
-0.24761856611384012 -2.3267175488073724 0.32524632203873116
-0.24755629276741936 -2.2787400807974945 0.33075124281611634
-0.23853808267648105 -2.231517733099005 0.33506331857367466
-0.23857036319016126 -2.190230689489705 0.31836601358245187
-0.23917858343705695 -2.135445444719594 0.3341328112619168
-0.23529846933038137 -2.0846117682768712 0.3356745160818305
-0.2380955694315307 -2.020493199542864 0.34788484476982695
-0.23534677007643792 -1.9626181323155747 0.3478966115516549
-0.23047471525601967 -1.8965801093221908 0.3405886059866134
-0.21598867370930927 -1.837140897575568 0.33068512648598725
-0.21060095226650816 -1.7695967273041446 0.3304073302630791
-0.1949163054589981 -1.7085565606321282 0.3167801484938667
-0.17139128096537612 -1.637796102905386 0.33471207930538094
-0.16884157176422593 -1.5661219360040193 0.3403868769580799
-0.15672071973632468 -1.493660820685135 0.35926605582387483
-0.13776823228533297 -1.434375233729235 0.3621877872680963
-0.1308594410532314 -1.3626693902172398 0.3692191075624877
-0.1218748081343369 -1.291326507868062 0.3700424439083403
-0.1143979434713156 -1.217509304323044 0.37214712696037705
-0.10618844649501008 -1.1566560494846254 0.3518563062542692
-0.11458491922844749 -1.0819883397262944 0.36455196089711633
-0.10097855158304686 -1.0154878426403742 0.37959605217715137
-0.10235399146513681 -0.9467712378523949 0.3853477018410743
-0.09384728024302719 -0.8751763020079677 0.40070739643255165
-0.08959853558233412 -0.8022900990797155 0.4036604950794794
-0.07616940224283629 -0.7313703824076747 0.4035708414487325
-0.06257696476704303 -0.6638731591098063 0.388192869272595
-0.04947369005528309 -0.593062351970029 0.3772290390478741
-0.026237158494376606 -0.5261139589560921 0.3914748137136291
-0.012185097088910413 -0.4606949015256657 0.3928904963091507
-0.003911852457508518 -0.38879183585612714 0.4198975619289827
0.02055912695835712 -0.33026566287927334 0.42017066034763334
0.037834416332062006 -0.2613767230541051 0.4395266313818878
0.04471364990158846 -0.19364754436780798 0.43630436676644685
0.06236549107105304 -0.12117175848290888 0.44093129485165183
0.07156272623770975 -0.05460095524332326 0.4268648541376263
0.07159201106389199 0.012813825588000184 0.4129741145769539
0.0801083596399655 0.08331285807745356 0.4338541610547753
0.10273329257230851 0.13288183292461092 0.4359375593298393
0.10987533669913026 0.21544638456627185 0.4553949986622434
0.12441834067127693 0.27833728320101464 0.45569068919845396
0.14160229456272286 0.34794454068648034 0.46902361035275997
0.15882759194147833 0.410387474659431 0.46421112123819464
0.17145647097933212 0.47705063823589994 0.45775683244819804
0.19550683395368346 0.5523759855655177 0.4477618435441301
0.22103334166991717 0.6092386322803496 0.4461643202757255
0.24325437604618866 0.6682740122366427 0.4526018392772117
0.2690360187658766 0.7222598279924689 0.4603595201451803
0.28698950696179953 0.778529644367426 0.47058369775793213
0.30214735055490227 0.831883886718948 0.47089045833619214
0.3144670272660005 0.8902836015808601 0.4785237239531283
0.3360404358716485 0.9399114928846621 0.46935439134625456
0.35908776118698654 0.9809076634619512 0.46421452086441195
0.365049075144242 1.0328327451608232 0.45462674144800896
0.3658289386725464 1.0893078295877239 0.4644041709223464
0.38169030138336923 1.126651176400726 0.4641890848485235
0.39702317829184547 1.1446339757760073 0.45977888081026524
0.40130731922697904 1.1899634537721873 0.4668538955106932
0.4175784240037164 1.2573858130238085 0.4733734385647995
0.426934075159291 1.2857723134156345 0.4738302253741395
0.43060610901111285 1.3164831043682643 0.4750971893807133
0.44165621037047464 1.330890821448569 0.4631564419656703
0.45835605015128594 1.342172334458537 0.4655644492833446
0.45779946838526925 1.342171676468585 0.46936490442398415
0.46544153818506384 1.353719013009306 0.47983937941666505
0.47233805803731677 1.3649722203040144 0.47821372017143104
0.47024778840953424 1.3497478174336388 0.47834376959807845
0.4757386103121128 1.3599015571932118 0.4830582627236729
0.4767359505962992 1.3731857714549696 0.4830196055630234
0.48030438493781785 1.3841227610385367 0.4807885912201261
0.48424334491125215 1.3947182256122548 0.4765032348029151
0.49645355168089017 1.400785060277074 0.4925250962249992
0.49717538344928813 1.396636157096688 0.4735395753840318
0.5120876518681322 1.3954839360918327 0.4919342723875004
0.5090817004858602 1.392514591209525 0.4653479411691386
0.5246141646751995 1.3907863759183694 0.4712363968408706
0.536220782228384 1.3967867023024374 0.47626334564389794
0.5380154654841022 1.4133027626343728 0.48440221086030755
0.5399373302570382 1.4235813849353316 0.4807990283629555
0.5462955368556976 1.4355445491091579 0.49106279237505523
0.549676382700233 1.447585582053557 0.4924767350940434
0.5496419402153423 1.458849774483632 0.49265575495234054
0.5519864801851486 1.4659718545323381 0.49748238667833106
0.5546123797306546 1.4722161595574328 0.4950616418035683
0.5611814440893206 1.4770473391419123 0.5086914211065344
0.5616008159334516 1.4727404503926935 0.5143620207220853
0.556629369953142 1.4634378022576287 0.5005500094701782
0.5573504917158594 1.4581655536722278 0.5046388960573263
0.5561604129039052 1.456855653456049 0.5003951397058649
0.555072979799502 1.4489515418914536 0.5052364942204126
0.5549864668031879 1.439972346057305 0.5149213733840364
0.5506915377898782 1.4235900435579287 0.5181030684683089
0.5496821725634121 1.421569583760613 0.517607078221529
0.5448598039920862 1.4303915695013942 0.5014055401755255
0.5495932178976385 1.4214957525283907 0.531424981690849
0.5466200999412426 1.405362667364508 0.5412358367389222
0.5475507179031063 1.4130314831910857 0.49823171748555856
0.5481870583309075 1.4041979517171552 0.49889677689480777
0.5483992077702068 1.4383673837047122 0.48909519722564637
0.5510037948754191 1.3836716788468086 0.48795595497102806
0.5499166140560825 1.3855553319003109 0.4976983371926286
0.5466425218800198 1.3667799332614696 0.5074769956022327
0.5438477103901941 1.36291733155442 0.5133402876431225
0.5408412776512349 1.3501366573911187 0.5131356367233484
0.5402414120996802 1.3481254404663334 0.51102306909788
0.5430195801286358 1.3538311381263217 0.5139002517594924
0.5437247529858193 1.3518314002739353 0.5100612803740773
0.5456012469091023 1.352051346021327 0.511533640421712
0.5455818760739711 1.3518955210559211 0.5103355315123099
0.5456929371733862 1.3534383067178815 0.5107520323518425
0.5459914709563602 1.3502086081178046 0.5154840143151811
0.5463804495600915 1.3572163041543785 0.5083920199853937
0.5464174822596427 1.3572940018490116 0.5084563059579161
0.5476832269492948 1.3549264877355767 0.5106680838561811
0.5480715344894929 1.3594185326592483 0.5056235216662217
0.5459215609583385 1.3594935737905178 0.504906707541492
0.5459365988260032 1.3589299453743229 0.50700849154385
0.5456463272719029 1.3548103719437672 0.5098487422945277
0.5449688044940573 1.3592432436319424 0.5033547512596797
0.5421438842187827 1.3528696864116059 0.5075187512170877
0.5420314631020985 1.3527909666652356 0.5116261303892734
0.5403853141357926 1.351359735731021 0.5118897130934431
0.538877447463037 1.3516049232649086 0.5105198415698557
0.5385821400563501 1.348393354296547 0.5144273335391494
