0.0016227098014994048 -0.0007067931215069961 0.0032930469746384698
0.044967486302762975 0.027501035304830508 -0.01058055719560594
0.0464352914634581 0.029080342433964873 -0.012259616934068594
0.04689330714978359 0.02933799095541493 -0.01243628200194724
0.04700752789512623 0.029503278690971885 -0.012485152626814768
0.04867235860256457 0.031210925265798356 -0.01215465762827643
0.048074991279799265 0.030718308376592715 -0.012880258203818657
0.048082348179906594 0.030759996921796262 -0.012900909768815434
0.04744633931538568 0.03042039245737148 -0.0130652377726098
0.047664020473209265 0.031151243295389867 -0.013126078265212688
0.04730529257030495 0.030241150242331316 -0.013149513317890407
0.04600577607666336 0.0293357774401378 -0.013336007228994327
0.04579260485358254 0.029189742531648445 -0.013651448308843427
0.045654822490056354 0.029127560226154786 -0.013873463524773302
0.04602207160786601 0.030116955044525648 -0.013585368455000137
0.04453632722450462 0.028612955919329733 -0.014134259900745554
0.04471887330412133 0.028573448368216695 -0.014190852127062028
0.045545134470561154 0.02875537876301181 -0.0136319913388861
0.045626902918292085 0.02861591694430498 -0.013518527221716984
0.04545249092336406 0.027475416544065302 -0.013349830147665734
0.04662393903190615 0.028447878367561075 -0.012743096358811982
0.04673689762145703 0.028073834439728357 -0.012551935800770589
0.04684151091468769 0.027577216388134117 -0.012439996658857328
0.04830719248499608 0.028089691087461455 -0.011789361980899431
0.048397170834857346 0.02810086167608298 -0.011358391884227733
0.04847226405380843 0.027468240945597702 -0.01126837858084543
0.04860512885824227 0.027406240825803257 -0.011082567561937488
0.048643652716760515 0.026443852297503713 -0.010877595665524018
0.04838702289448326 0.02606355259508962 -0.010779384931376755
0.048377336952565186 0.025774990538815122 -0.010948889687970108
0.04916790291480667 0.02621539406234897 -0.010899080748401343
0.048745721928821754 0.025680603952508943 -0.011704959355763992
0.04928403045748288 0.0263684263652791 -0.011300350359308469
0.05350908649286918 0.030151174332441737 -0.00851475305463138
0.05619080099924255 0.03226513573703609 -0.006009435927265546
0.05625543654893015 0.03228406036950441 -0.005780444016167221
0.056453412392648304 0.03187984904046695 -0.005901206985527291
0.054213738093397135 0.030344159439550086 -0.006809836668658545
0.0498991503418845 0.02748827934780096 -0.008901702323660615
0.05003264375151458 0.027828524082005417 -0.009195863553696533
0.04914181112608584 0.026504380684715126 -0.010787091647831086
0.05243795583472961 0.02794885699701643 -0.009787115752578231
0.050344710826708015 0.027215228986422667 -0.012215873295933686
0.049306583624541864 0.02712318630655678 -0.012644748723670118
0.04947021238259465 0.027740207582092224 -0.01267154052755256
0.05031973423160662 0.028574586494509314 -0.012453107771062708
0.05030232149392465 0.02865962740057021 -0.012795958934699238
0.053163042792322854 0.03516580241658181 -0.009456671056715372
0.04993052333571461 0.03423248738619806 -0.010934618535227921
0.047118595719584024 0.03046125946777868 -0.013003235315674556
0.04784947851283497 0.03149936267209454 -0.011333031184815979
0.04128857716047176 0.032422926424913005 -0.011406348948412588
0.0377821362884254 0.03146762429863356 -0.017053895959249644
0.03783381353694884 0.028859362259170053 -0.017857626367942067
0.03948089759309906 0.03026374235235532 -0.015754088846133992
0.03955972884950251 0.030745091440802674 -0.017089497159355264
0.040556243990192864 0.030844049064045073 -0.016534357682405337
0.04621663645168349 0.033781951578280844 -0.012999950027306213
0.049045492099886005 0.03697460674080621 -0.011675680754441833
0.04959092297762591 0.04349426816521155 -0.010766092610337966
0.05064325315363097 0.043687397925070585 -0.010402276565682725
0.061123098916942085 0.04603569463593205 -0.00903704260267002
0.061885805988860565 0.0483772208215003 -0.011361677759778015
0.06582415726219654 0.05007276433231832 -0.011542218414151676
0.07298416543061051 0.05026896348287767 -0.006353666005157402
0.07523663606002859 0.05297620406291624 -0.0077447460905669474
0.08659249353196562 0.05311697135003267 -0.00741882227762036
0.09486241221569099 0.05223845085065936 -0.007913453815542457
0.10198471860989354 0.052149651030409576 -0.015470408181922114
0.10859407823162907 0.05754503421868335 -0.0058815931106936305
0.12172385851584076 0.05649401098016626 -0.0037630240096197913
0.13555891785518573 0.0580537140341552 -0.008663159590554947
0.13699776885299278 0.05788329438444847 0.0038930978955908305
0.1492281745675591 0.040498724840048635 0.005383558844461869
0.16681907145414102 0.0483110251711051 0.008968418354028835
0.18557358373277147 0.05941868444556959 0.005305952288722767
0.20711299231203478 0.061355723211670016 0.0050594725125416296
0.23938923912070972 0.06110960863256732 0.009495170074959404
0.2718516264118476 0.060721344792643586 0.010176969898454692
0.3106915209957916 0.061204376637169294 0.02011230127423274
0.3555060287159642 0.06229882881053535 0.02085315394536101
0.4029680527031416 0.06515552071710307 0.03654374523281258
0.44362039505322437 0.06287526719884506 0.039888808752212165
0.49548908393714336 0.07210901250725998 0.05107551138004713
0.5437226802902151 0.08076778528799478 0.061846582261319935
0.5893215484625677 0.07947705762876078 0.09242241469438632
0.6288909859437035 0.059183915677612775 0.0965557047174402
0.6759107223335211 0.06546507456096042 0.11211968160624781
0.7211153613595934 0.06945339374614722 0.11107400614436057
0.7746813240701551 0.06964831502421961 0.1251293655210993
0.8308319690314537 0.0879702470343326 0.13336312436338082
0.8923087178301015 0.08805871312675151 0.1654677030964704
0.9395436397395808 0.08525090020280755 0.1376460990045805
0.9988095079390577 0.09074811819195144 0.16464723928117184
1.0456075938654543 0.0772068549663414 0.16481949987848452
1.0991437669506214 0.0771801213558587 0.17002017329437727
1.157589243656621 0.08816263686015735 0.18544683638326845
1.2162888858341896 0.0846142956016372 0.19203089020998185
1.2794733128137759 0.08618083217995157 0.20263576077235576
1.3491241754838887 0.08554668808401203 0.21905205298588343
1.403715069130485 0.08368354206122977 0.21442480762749075
1.459594262169883 0.08403399218859682 0.22025341896530884
1.5284210511524405 0.08691892712653493 0.24545180798908792
1.5725928395696103 0.09482220166112545 0.24864963171014867
1.636586136590536 0.09953687881088416 0.2631358833184859
1.699003243673564 0.09834076656123986 0.2672452825591451
1.762446667521071 0.09979407582213058 0.26725153383785843
1.8324732857553026 0.10053672314939746 0.2877164584925958
1.8930443777749573 0.10034631275142916 0.27509912111115087
1.961095521009323 0.07950058235774554 0.3088092098318743
2.02338681786018 0.0807825170757163 0.3166936169240952
2.086635832146162 0.0694320508494187 0.3276189754963398
2.1591767031793108 0.07717031652019883 0.3572578803351064
2.2277050278885078 0.06821105753915077 0.3585488058253154
2.2864221914700322 0.07409601854985023 0.37081604365618553
2.3461734017911504 0.08613880652139651 0.3725393819892736
2.408879250461145 0.08029050937779954 0.3777082064038227
2.4821849446452244 0.09305945803036489 0.3923640185462394
2.5390732571953727 0.08456545673026 0.39822099795426413
2.5900996987270224 0.08058318424787364 0.41505729165661626
2.6415868517110637 0.08092889716285145 0.4278572170137455
2.7035723314097724 0.0786095432179355 0.43566570673681093
2.755472874559323 0.07993595837100284 0.437466153728771
2.8200278973751893 0.07705072976816671 0.43886801578683876
2.8893031655396344 0.07674199564439134 0.47032403176600296
2.9445152226191538 0.07013268786911064 0.4590288799495278
3.012076582788518 0.05174386021803689 0.5005206951776584
3.068261158930608 0.051943617255382366 0.49825131468993233
3.1247405812334654 0.044596757260122064 0.5071493575496422
3.1920919911645056 0.055179958094225046 0.5212952367985153
3.2533670028943753 0.05479246971924917 0.5258025069481718
3.3138897997529355 0.055158753421638805 0.5320115402589398
3.390330201393734 0.055156261637962674 0.5509531347714975
3.4494151117387073 0.045123652602103693 0.5508993045328867
3.5173826338462924 0.05362707100736996 0.5652753852163498
3.582080705421137 0.048728590405008494 0.5790086699140059
3.6424815961338757 0.04778935566289479 0.5968468813957853
3.696483645544853 0.04921153160200375 0.6037257226905656
3.763497769909736 0.04927001792301666 0.6184500896231093
3.8170074461788777 0.04979017501277505 0.6254707764276268
3.880520339910718 0.054728318394659005 0.628330471307914
3.950339226731405 0.048000225758371255 0.6460624280398182
4.011158065166084 0.04254897524092178 0.6473714755723536
4.073786266187147 0.029706562226726248 0.6599895303062778
4.126009215880252 0.01281056876633866 0.6749993445199886
4.189141607481756 0.007698204041425717 0.6849417210043545
4.251053225006295 0.010253378336315268 0.6955998742270236
4.316051782515571 0.013691364584123664 0.7053139035600555
4.378926448673433 0.019680836726803708 0.7122594901002038
4.442145776427905 0.018920453686727547 0.7249542265999119
4.498948576658259 0.029610921448009447 0.7164425630604172
4.556383068196629 0.03208503992812155 0.7438429007475165
4.5697347634061245 0.013126304826871223 0.742745217283994
4.627992331503357 0.020865057821506397 0.7593590491843708
4.675055286293547 0.02270729169689737 0.7619812776609399
4.723032711396885 0.022906483798457833 0.7620354619861917
4.759799118813307 0.022939508444241183 0.7615136916151921
4.811932159031574 0.03013196860590619 0.7811640661911127
4.851139629840491 0.021710444289951406 0.7610800743192744
4.904275113835693 0.004020227239664033 0.7826794594841826
4.944413216407874 0.007132070951511527 0.7755860125456101
4.979455930708792 -0.004407522641520237 0.7875649993449844
5.01033531980622 0.0025091663881596435 0.789656137878143
5.044679886543791 -0.005171787746676593 0.787007215337316
5.082867866346646 -0.008056679248850777 0.7936971709372181
5.113218522931152 -0.0058800822812668865 0.8060612100435585
5.142207242416986 -0.005230024380912586 0.8058077534523399
5.181374621430728 0.01837053145875829 0.8116348693998892
5.184064630284523 0.03249021173478453 0.8077116567397326
5.200814252330819 0.03466440711610103 0.8038619598938603
5.221689404644539 0.027728919746085448 0.8178706932439438
5.236788137129399 0.028351370481702894 0.8112177429465764
5.236353615841247 0.025544428676889303 0.8060051129495475
5.253218295687805 0.02520009779513642 0.8065266147971885
5.2713139033453595 0.023629182097261538 0.8129948318159702
5.280551366826828 0.022012486027902983 0.8042029821534442
5.308194338046384 0.010706257608344621 0.8067330493763228
5.3248312746678 0.005230934299608386 0.8178035162642039
5.331416381200202 -0.005370166354891341 0.8154178711072207
5.340844506331049 -0.007196554385458451 0.8109589293069756
5.341741538525711 -0.014158372988604215 0.8004327184445829
5.372837384558649 -0.017628325932233964 0.8187307770474169
5.374492934786673 -0.016216372558695617 0.8160172849915546
5.3787878328164105 -0.013839032906759752 0.8095082612709822
5.37905540644143 0.008013030347018626 0.8170989704696561
5.386468349436591 -0.005253271376494596 0.8138490600888163
5.387583817627564 0.0032617616373201777 0.8133165075985068
5.391841674257492 0.0036097119040250716 0.8139186384436542
5.397745379750179 0.003697450573115907 0.8169828183138083
5.4018533804513424 0.004092961359900088 0.8170857521309246
5.412214640692907 -0.0006342974670193111 0.83047128524339
5.409954784050606 0.005703836131358803 0.8304018169418178
5.412088977229293 0.029792238475051296 0.8346393971098761
5.417939669673912 0.022316925017951558 0.815922531337753
5.4194314773644905 0.017390177924459807 0.8002805713288841
5.424160927776069 0.019179601917080354 0.8270162544463479
5.424293785517261 0.01920895097742361 0.827045649623092
5.429312301591003 0.01588469940514585 0.8270772998290541
5.4245286367364 0.019814046380164166 0.8125716026028353
5.4240904841273325 0.018258822878112 0.8201460003582449
5.422307809971648 0.01738949971809737 0.8210684585900201
5.4253076341316016 0.017251687740117663 0.8267642541167031
5.422833851131583 0.016189185780736554 0.8218331010208256
5.417492005372203 0.02026614668905055 0.8243154391021392
5.415644865552983 0.00924477793948747 0.8342658265649135
5.420755748463791 0.010062065430820222 0.8344046072379667
5.421618593790637 0.008166788857972458 0.8377820051706663
5.423749734954538 -0.005943023689433731 0.8402894238093962
5.4303635213264165 -0.014474912274441872 0.8424539584526377
5.432720757511175 -0.029012639449122565 0.8442693261303301
5.430599911935876 -0.028800168044841465 0.8440307208883113
5.427943789732292 -0.02463336124767246 0.8424090354341035
5.424510199962466 -0.003067244443683309 0.8394717437926751
5.423803711153999 0.0036537099054974043 0.8403937183838592
5.423708871345333 0.0008683572879318868 0.8397157137449907
5.4205474793141155 -0.005080748081649315 0.8370121107136967
5.419020466883358 -0.0019255897696511676 0.835959068809909
5.418752127711448 -0.0027409296797344454 0.8374060047189966
5.417784704724639 -0.00277330925288833 0.8372344862201876
5.417770095744967 -0.00022943580944007752 0.8371665178833009
5.4178201991343595 -0.0028151461872278905 0.8399923162171512
5.416842696994827 -0.002953135385826977 0.836213236695794
5.41622507566892 -0.001163208838216627 0.8357071176040155
5.41390087104282 0.00016416357147214927 0.833638015199569
5.413491675447182 0.0003246039001000636 0.8328834011972885
5.413188094941093 -0.003686062339271795 0.8293853631815958
5.412728661001976 -0.0036497805615716902 0.8308306956314786
5.411729928350655 -0.01590278453280964 0.8334263840409241
5.418237751390438 -0.03998855019414242 0.8458936440433409
5.422817773922845 -0.06867833165899669 0.8535270817990395
5.421300517832982 -0.09960901540557182 0.8577914448339238
5.415248248332863 -0.10024814864679324 0.8673372284843011
5.406394573006062 -0.10941428276789103 0.8611991685095608
5.398210629468806 -0.12345595752345469 0.8705781145234518
5.38569981541363 -0.14071613629136853 0.869336493440812
5.377194309579603 -0.1384138883719059 0.8423251948998648
5.377182697470585 -0.14361895436183342 0.8617118851666092
5.37486873735823 -0.14637179934100386 0.8548207013745905
5.372393577174252 -0.1588565107582069 0.8544552976364088
5.376079471961155 -0.15590506926501907 0.8636127463823666
5.373601818875692 -0.16178041036210875 0.8646935907173252
5.390428856310306 -0.16022706926782193 0.852723119641766
5.394973348659676 -0.1617735368823262 0.8676267879627625
5.404055555205202 -0.15929215032546967 0.8410809322129944
5.425116309301527 -0.15713312208393354 0.8402428611557644
5.415136470158249 -0.1663633983772853 0.8521016964900664
5.425283085844286 -0.16359875343486335 0.8498506822649708
5.434325420617937 -0.18412764838512286 0.8911367902043462
5.429822774062797 -0.18298250711658584 0.8603351308942676
5.411110921684614 -0.18717803683926348 0.8630465070889467
5.407279035864495 -0.18553017582729786 0.8791582971268446
5.408511827304157 -0.19317139803942243 0.8654034894201635
5.4149721127847705 -0.19168372690672825 0.8512266954550616
5.4046911467037235 -0.1887636992968493 0.8734524278893478
5.414471289156185 -0.18560389425426468 0.8735772400089696
5.429449544185553 -0.18230453302416078 0.8496502815717751
5.431744871314434 -0.17960871370557716 0.8651983289536398
5.458125339215044 -0.17693191882555923 0.8400198131093901
5.453556366237084 -0.2124738838085183 0.8615259112771336
5.4833666296930925 -0.19983695458365652 0.8584261634695937
5.518907269883954 -0.20283608235730213 0.8985411016588475
5.49668220743994 -0.2133462046087416 0.8947832773857873
5.585808219231406 -0.20311207128133213 0.9297127264905829
5.516712595277254 -0.23556599442430662 0.8912384517204216
5.525201337660709 -0.24333384010458975 0.905942979749304
5.525899352368656 -0.24885346588679613 0.9380400031226767
5.523781181340531 -0.24537302178927622 0.8678129970937956
5.560230650564783 -0.23642508252132527 0.8943888646454498
5.570053456765564 -0.24100939935327964 0.9014244638433875
5.583015099460648 -0.24149932149921433 0.8887937099113761
5.594386899544477 -0.2396851346010758 0.8897768235065957
5.5969794380127205 -0.22960340499009863 0.8995887143562363
5.592980926637392 -0.2401867334674697 0.8990179707914364
5.588763117081242 -0.25444130949333155 0.8897002799149549
5.601572025783569 -0.25196673944243647 0.8872907041654152
5.574155667515891 -0.26257785511539317 0.8742747824757617
5.5405229846328545 -0.26044854841079124 0.8624540109996386
5.571388320385607 -0.2540063970204098 0.9067297658671923
5.5730708147123575 -0.21058281175076377 0.8876673115685311
5.561470724079025 -0.21228373983905302 0.909329941213071
5.560911807111013 -0.19992547985161524 0.9068744412367863
5.565044756172925 -0.1888753632330027 0.8955341124458557
5.562036403753769 -0.17992259604376148 0.9171698939517652
5.558340537956137 -0.1842753680334644 0.8976122060531225
5.559766717883979 -0.17655730025501104 0.9086711436304531
5.557361378342516 -0.1730123401020324 0.8968162888348646
5.559591476118171 -0.1734747854907329 0.9010797150359736
5.551140781823646 -0.17557427787426577 0.9058123979246786
5.551833827006308 -0.17601503871565735 0.9110250534677881
5.559771672066851 -0.1759771564569357 0.9128255762684053
5.558806445851946 -0.17442381695109757 0.9110274808787184
5.559729528693923 -0.17451368422540137 0.910236145542406
5.550024844914518 -0.17485669476752472 0.9030846042124318
5.546853986222515 -0.17924042756969424 0.9029596690982732
5.548198246598068 -0.18284384513450483 0.902805907852637
5.55082748484976 -0.19422594735642476 0.899016911613692
5.5540590957217 -0.22012171404734526 0.9075684377891912
5.583302802531811 -0.22141929592996534 0.9039109845914264
5.5382288954290475 -0.26552380453318536 0.9139929783884121
5.579272201580667 -0.2482096262063577 0.9621982128221608
5.54729520221336 -0.2738719334980964 0.9225540141181325
5.5460713821183445 -0.284688927427539 0.9358619750538757
5.541857214604063 -0.3292311747193938 0.9390610546670755
5.547376419719652 -0.36161645488547794 0.9521747837633607
5.551054767909619 -0.3990418612663351 0.9446386330180591
5.54993208918144 -0.4492481831350837 0.9555941112823526
5.574044528402434 -0.4640696782581268 0.9494931944583608
5.58575155323241 -0.49183014398135605 0.9394516802644985
5.550977195522517 -0.5644514488381153 0.9675133346288382
5.5639425214958855 -0.5854611955573266 0.9657303782406642
5.586522064932751 -0.6237004144545705 0.9468059783765447
5.604323218722013 -0.6531800009865528 0.9544058854425645
5.601736932267038 -0.7034074737720493 0.937232774358614
5.612610291906136 -0.7528812354372042 0.9390584071359699
5.6152480723879865 -0.8146626319081841 0.960624302589014
5.586035248505423 -0.875149881644189 0.9613993229411903
5.663951677597067 -0.8378157973126659 0.9468277626790728
5.584066589828733 -0.9052217668658215 0.9442036377664514
5.608862065936959 -0.9363543640984111 0.9690378144730427
5.605867954993133 -0.9962528578447996 0.9520851245008023
5.611518451602338 -1.0563800536457548 0.9750450992816331
5.612699648628449 -1.123183054440602 0.9762739695384651
5.616637593663603 -1.179652217454464 0.984821205975765
5.609875943874905 -1.2559821935379731 0.9744301833862319
5.671852122724565 -1.2781762307034212 0.9500696539816952
5.618799631714701 -1.365330647840388 0.9591101155529098
5.670753034208992 -1.3862643112940167 0.9759362489275646
5.644042023365296 -1.4681484888229068 0.9695610330758315
5.65179806914074 -1.510920469425482 1.0931328171757628
5.658743585899574 -1.5747103423051778 1.0811623635909486
5.689139254040294 -1.629091667568155 1.0937847989947787
5.6772601157915386 -1.6939025344058647 1.085408255677366
5.676887328181269 -1.7525856231371328 1.0867240057242709
5.692828340312705 -1.8044705782027097 1.0741343416721907
5.690333237554815 -1.8797045112834165 1.1100606050004582
5.690020987623539 -1.9214518688585196 1.094062004214472
5.678433769426301 -1.970856082396717 1.0929386061443187
5.678322072131062 -2.028924700954011 1.0928354426845115
5.678457162648459 -2.0905142600220623 1.093266920795447
5.677565060043455 -2.1578683367610334 1.0938373921606794
5.678419307888865 -2.225992664493833 1.094725316543084
5.711728311865563 -2.2735169245130336 1.0924171123184014
5.677350800148992 -2.3532153697725655 1.104632024984481
5.721234149252973 -2.3977344805915966 1.1157865303826908
5.716670785925145 -2.469176636308811 1.1131381111377268
5.7083190944995925 -2.535159349327134 1.1301921335734704
5.727927479578835 -2.58707135566743 1.1239956958314228
5.7253387766594335 -2.646177268745167 1.1041139605519468
5.7342828153349075 -2.705765823174356 1.1054752230110145
5.722500925567879 -2.773515189028568 1.0980206176168652
5.734545498191334 -2.821687334682777 1.0913313906369677
5.708857063614145 -2.8984060599518706 1.1035680572015598
5.711647367316604 -2.9557078856962984 1.120054451900355
5.712490113775551 -3.0095753026345067 1.117624747016149
5.676146013686074 -3.0494603119593457 1.1084890029609074
5.690244562677865 -3.0983548870380866 1.1129425722353177
5.688068505525095 -3.1632628782983865 1.111651598986227
5.682392402357722 -3.23234923550368 1.1165756121142791
5.693691657563781 -3.275186997250871 1.0850365608906551
5.705964839250778 -3.330706284524639 1.0820183877661371
5.686917279274364 -3.407041048608013 1.1078488717116537
5.713639276810963 -3.4272789830971933 1.0738953417718302
5.7148374274262 -3.486699381517433 1.0703646486346379
5.699944542296021 -3.5281065381075454 1.0678862808523133
5.692946334788551 -3.5802216006764382 1.0714898884641335
5.708583629832682 -3.609863950078132 1.0718474025347728
5.688803559100332 -3.674236217536497 1.0671092513080833
5.688387900941299 -3.70400382361672 1.0481839618595332
5.6860833546343015 -3.734620835509111 1.0338464896592927
5.677910119946013 -3.7638227346313786 1.0327596989052497
5.681159131729106 -3.7925467218257713 1.0421360566827245
5.675489313093314 -3.8253738314643773 1.0481038179063216
5.673515226951769 -3.848486782164042 1.0491482606674627
5.67565189317662 -3.8664413232149837 1.0555995379471959
5.676779032323801 -3.8803184955164034 1.0431982349246594
5.686756234471507 -3.8877263223353826 1.0410049090270928
5.686657882367256 -3.90466417727963 1.0495287541594849
5.687444654060847 -3.9070282378016743 1.0411428953194004
5.692777443546703 -3.9117369199730923 1.0464892605091114
5.688204108466846 -3.9251935500843778 1.03929732716708
5.686571963101678 -3.9321725446726923 1.042503084429688
5.674924232879852 -3.943252021315906 1.0294765744039454
5.658081054659793 -3.9524319946480033 1.0312884299896812
5.656113535792819 -3.9501323949670413 1.0171183789049745
5.65148268914789 -3.95245947238121 1.0190842818935955
5.625692251878791 -3.9628572649052813 1.02621225295019
5.618203482715078 -3.9734139623931375 1.033206038015623
5.591106012551064 -3.9936406101975575 1.0520543834577245
5.600948864273359 -3.9878578690456066 1.0490675427104006
5.587138559754043 -3.971778792805326 1.0360148514329353
5.57373975337914 -3.9675799114440267 1.0313931745922462
5.53547920302246 -3.9723371274154413 1.0379813550313395
5.538866268933315 -3.9675326239521382 1.0092869901629908
5.541596694436058 -3.962245151053225 1.0001738584943174
5.538095431250428 -3.9811018833968914 0.9923783381396503
5.539361216943982 -3.9813443532030663 0.9730243937433154
5.534102932065647 -3.9970506887481623 0.9776879822426793
5.538135735027057 -3.9919487676623597 0.9690264326546209
5.526202828656923 -4.018911424976795 0.971075369260748
5.537537790984217 -3.9984679669385788 0.9774486144799365
5.535570754977447 -4.016082036804843 0.976538882980458
5.549699419979451 -3.9903567242916975 0.9710840868127794
5.537138534551702 -4.021166326207831 0.9764346619959742
5.574992067739874 -3.97471817973427 0.94415898320795
5.543401886496329 -4.0206946588440315 0.9630414080748048
5.554627276500661 -4.015534919651721 0.9594821233496046
5.555363318134431 -4.02259262131321 0.9684874120359076
5.554152519584579 -4.03573783632712 0.968950619196475
5.575086580597983 -4.006873215968169 0.9516321147796805
5.581588067291318 -3.98370811884351 0.9578871574558577
5.579302988079117 -3.994777527570025 0.9578390369994297
5.582301898791224 -3.997073709693415 0.9542481313369517
5.5707854519923945 -4.012780378769875 0.9653698662356949
5.565118590485915 -4.024834119528611 0.9768783163133903
5.5574121737054005 -4.044058219490605 0.9787345441744136
5.57012412080142 -4.031186363652116 0.9728021509407867
5.571043920963093 -4.016386450529927 0.9747097288191682
5.576586354966537 -4.013046601828553 0.9716067815215248
5.569989003575336 -4.022148623978212 0.9745966745572306
5.581424912280767 -4.008138640602175 0.9673479781354756
5.578236252096676 -4.010024389361513 0.9719955998949501
5.5773276312470665 -4.007962945291513 0.9723459072211242
5.570351442653198 -4.008509140983594 0.9765209549379396
5.567605387948161 -4.004620275563681 0.9773185822451033
5.556509999222816 -4.005611382711922 0.9746440606352607
5.552928583218744 -3.990411852447829 0.9755766497382663
5.537578510320096 -3.9930488113243574 0.9779541369718647
5.532736519781033 -3.9831720043507035 0.9788822171677835
5.525489135104547 -3.9683755637358913 0.9688864813792681
5.497883188441097 -3.9698275191110155 0.9723986556291958
5.462658858519299 -3.9813718588487914 0.9727800498700477
5.4247914381672215 -3.983173656078548 0.9953894135608403
5.382189476341512 -3.994770732610142 0.9992764610903418
5.329233613560999 -4.011402639644482 1.0051359159470195
5.311737468050555 -3.9891386868990724 0.9875256627664755
5.254657246032635 -4.011437385978258 0.9884641525199833
5.230015538408204 -4.0016726905369655 0.9939514665195813
5.183652249825087 -4.02798053991272 1.0047507512390252
5.16838178971811 -4.007238865079229 1.0089192670534923
5.121547736831619 -4.013100937154438 1.0159742311032451
5.092713059481851 -3.9927375846143485 1.010250754644851
5.042363279525046 -4.011553254252511 1.0075175496993298
5.000663652320434 -3.995507018735573 1.000727341656952
4.924936828573226 -4.015384584461166 1.0097056060300857
4.8761111244590225 -4.006976330248307 1.006310429307335
4.861383221685171 -3.954016457509606 0.9891345583152458
4.78090872098478 -3.9501166719227156 1.0126850253445017
4.725056831284846 -3.9529807486997166 1.021146042920341
4.661170647260856 -3.960542374002615 1.0327270241464725
4.618097430063157 -3.9607653871286517 1.0388118284384034
4.5505121680602105 -3.966600026193424 1.051607047841463
4.48605429082984 -3.986068587406026 1.0495273583814506
4.440780606787399 -3.9833535377892213 1.0506492194030927
4.382491159093052 -3.9713669194149004 1.0533950949825601
4.323732966324409 -3.986015546447897 1.033668669813732
4.262948793441637 -3.9815440249050815 1.0556694456600426
4.19118230260599 -4.017898400279009 1.0674091666192302
4.144793511573353 -3.986448039755044 1.0752283136853198
4.079170095617144 -3.988946143770486 1.0838891761928309
4.01137995741709 -3.9991949628542525 1.084176423281842
3.950853463305324 -4.004978456359966 1.0913471944729887
3.8846727256657716 -4.016292410252985 1.0863780751439933
3.8318316040687086 -3.9891695820040236 1.085524107128798
3.781709178113166 -3.978004618187554 1.073483570652778
3.7197310071016783 -3.958345288857941 1.0849888612391572
3.6529430424533214 -3.9605646297564814 1.0955388112133173
3.593312516949827 -3.959964489906472 1.10412389656986
3.5326875706682346 -3.9577435544196535 1.1012359559203688
3.473212323170284 -3.952679879517715 1.0937967239364805
3.4002585339445366 -3.9807969657280453 1.096925822370349
3.3358883264950188 -3.978838543741236 1.0894797735847603
3.280927244421167 -3.9699209455543314 1.0776293874229785
3.2077221956795303 -3.9647277311568354 1.0885279971715716
3.1224176913996033 -4.017032674789776 1.0988296248971627
3.0661071128899597 -3.9895431738050053 1.0952632076632938
2.986733710270815 -3.9911754019661183 1.1083979596123446
2.9104708768637844 -4.002968280177283 1.1168206688570819
2.8424027973937154 -3.996064780208947 1.109495368578559
2.7690446453505477 -3.993315535152122 1.1040921851830803
2.7038800888042527 -3.9827603043622695 1.0949169844115318
2.63406293842611 -3.968439073416645 1.096635195790065
2.5702920743758813 -3.966800793087629 1.1081644054050361
2.50615526454783 -3.962400389196214 1.1182681837020245
2.4449484254111633 -3.953034401986451 1.11266939458575
2.3793487211128466 -3.9430264332797615 1.1170957619719475
2.305595988861033 -3.9462314566334915 1.1121914297430844
2.2292216987068776 -3.953647515614228 1.1019847151788331
2.1633083418823555 -3.942384275271241 1.1023424006085238
2.085830445203961 -3.961727653725332 1.0861587575774971
2.011101033298604 -3.968297626713718 1.1112665614681039
1.9439473353315568 -3.9909971287156254 1.1202914707446003
1.858218507646066 -3.9913029188885867 1.1384534516250753
1.790611689365368 -3.9886493240726124 1.1405602841066231
1.7131463276951395 -3.996378783237762 1.1440216152570666
1.644363091355271 -3.997117104822443 1.1349110550573753
1.5692091063694378 -4.001655999372807 1.1355751787005919
1.5173131098153942 -3.9778796756259225 1.123684906621322
1.4485842920097602 -3.9598561068227234 1.1313087744916877
1.3871683529830168 -3.954357950289254 1.1326049877995727
1.3103247078369253 -3.9644190995595348 1.1445876723957082
1.2504086579838607 -3.9544574084346107 1.1473994399354337
1.1781706068903999 -3.9599980056578747 1.1521113313610902
1.1068211951398053 -3.9638101919008513 1.1487339967987615
1.0366794394891723 -3.9646009992060325 1.1536533372867344
0.9838600374378202 -3.9575885785659715 1.1268201243670637
0.931891002146443 -3.940845022769551 1.1231104190583845
0.8424760659033601 -3.977446704413639 1.1356706760012114
0.799499565591461 -3.9558096181980966 1.1246813129381041
0.7469530898789715 -3.942402600269809 1.1317621689965085
0.6745642109610291 -3.950186297038583 1.1382676542579229
0.6196434940595532 -3.9486395811047057 1.1315159695178734
0.5566038168422603 -3.951159740049042 1.1267900577338186
0.5137675782231309 -3.934970481219219 1.129314078139626
0.4627161152926953 -3.9259720432462295 1.10230422540522
0.4415990554462452 -3.87214653993178 1.1031656267555592
0.3952791605951819 -3.8814980213248065 1.0874809718732492
0.3528578843082561 -3.8902881023759983 1.0962781950040996
0.32018590288162235 -3.875929057042533 1.098428910926325
0.2772050494444784 -3.885190521480426 1.0945927199062675
0.24426590517098892 -3.885730635598276 1.1029431056849914
0.22702736725341993 -3.8821202182533567 1.100937658566678
0.2027751168881223 -3.890920997879193 1.076632315412832
0.17969703696564268 -3.8934415193463634 1.0749391752094348
0.17045314158399383 -3.873921829727447 1.0670737384925193
0.15132076821043144 -3.8751526117295017 1.0751417525302378
0.1266944824809811 -3.8862414501996176 1.0760456102474605
0.11681776741186124 -3.899586093229882 1.0457690902017698
0.12268262363983584 -3.858662132204128 1.0553284943409507
0.12189034664719921 -3.8452158641217475 1.0645871172849974
0.11381527263887659 -3.85825819371876 1.0643538315141425
0.10387350748939321 -3.8564440940813594 1.0745888298219342
0.10400753979555813 -3.847530329597989 1.0733789490612005
0.10686397076704983 -3.8273323166143225 1.074056806333358
0.10773179630077703 -3.813739049689537 1.0604239867424161
0.10984339093250144 -3.777134622318138 1.0637818938905232
0.10259799516121226 -3.77261878313863 1.0705126376066774
0.1011502006263407 -3.7804455556458003 1.0664318326198086
0.10343726800427978 -3.7775600286618594 1.0576188643190942
0.09313730669672154 -3.7750962498749585 1.0463462045734
0.08696233879471346 -3.7869442510036873 1.020922493059587
0.08322075901232216 -3.773361148832036 1.0256128890412524
0.05972381177293636 -3.80200002405103 1.0391962166858808
0.05680415819292676 -3.804925436974615 1.038931559664107
0.04960669286710241 -3.7814475851393956 1.0575258412080892
0.03527773007775613 -3.789368786008009 1.043565942188781
0.060537509439078104 -3.7777323376263863 1.0623317308381095
0.043228521058573874 -3.78672747383451 1.0521166550356709
0.03154226965253469 -3.7951713770352145 1.0355722705880104
0.034432008946783006 -3.792799939681558 1.0397673276356942
0.03483125722588787 -3.797245231150813 1.0395419528203762
-0.0013357561631150497 -3.7834108330734844 1.038765360153276
-0.008119574756791537 -3.7868301184202546 1.0355184705776712
-0.018792499347426245 -3.776140078651494 1.0381511806841164
-0.027613178790188875 -3.7761589897389696 1.0362590892001993
-0.04281227619112903 -3.768880236005149 1.04853170628605
-0.0700256079119709 -3.764138742337971 1.042641506018118
-0.08320935409734093 -3.755578353186642 1.0448761270841445
-0.06652306508903208 -3.767951316045321 1.0396295052345328
-0.0700947918625709 -3.7720826955740665 1.0370334367221925
-0.07008382000804407 -3.773592732413046 1.0374912702923658
-0.09108723040184674 -3.7658163237103075 1.0365560598162697
-0.09069546128421835 -3.7615768920559227 1.0295342955166353
-0.0912327692845532 -3.7588090934090967 1.0405621747159275
-0.12185787673403525 -3.74523281255481 1.0410413887159051
-0.12561481119343748 -3.7468447816430692 1.0298944504922474
-0.11668431721014794 -3.790802226967285 1.0239383089900431
-0.12014876504574534 -3.7871832744172726 1.0316356941020943
-0.13642203607219117 -3.7821410715510018 1.0331925031434928
-0.1365851893634206 -3.7802210184149403 1.034641565570075
-0.1452470677934335 -3.7579516301942695 1.0389217703273255
-0.14658242724975667 -3.7758107484036136 1.0418509016688797
-0.1491749111072941 -3.7635267367277505 1.0347484513518959
-0.1313848950671757 -3.7768236191523825 1.0310075514329737
-0.14920041881732984 -3.7689547237104244 1.0348490161208546
-0.1469626289070701 -3.7677146640704993 1.0336800045844237
-0.1350906824928058 -3.7671379471731448 1.0294812434455092
-0.14280290160204073 -3.758778180779382 1.0318082504921386
-0.1499325069746922 -3.749588503568817 1.0260941999131716
-0.14906574274034307 -3.744312909544604 1.026966950571223
-0.14050934669916118 -3.730620687732601 1.03458140107783
-0.16022533170868875 -3.7155385783283883 1.0243876653438841
-0.12561302375186306 -3.6945615724058256 1.025604024363334
-0.13467996836260082 -3.6719358511048847 1.0301695863734668
-0.12916279351148408 -3.652828506727054 1.0211921742814218
-0.12658361735581997 -3.620788068072067 1.0312300641840941
-0.09452013944948526 -3.5761054597863815 1.0447799615195055
-0.09872968020439185 -3.541168858944088 1.0340858823602332
-0.11107446157110398 -3.5012494982049644 1.0308279396050708
-0.10670103259163563 -3.4559978622542897 1.0454971121441212
-0.15187808887835316 -3.408386873227253 1.0137368240014384
-0.13330499192222658 -3.3657850977292854 1.0218335233029652
-0.1295408628866025 -3.3233887484390663 1.041007020272702
-0.14635925396604196 -3.234248673871524 1.0304718199853136
-0.1456762935536413 -3.195917601038169 1.0204120552632956
-0.14436916986940845 -3.1446048210864226 1.0271315107230712
-0.15397092432259593 -3.089950949833341 1.017816437509403
-0.13557959677971548 -3.0363795752742293 1.0117141756335724
-0.14093837181478305 -2.9714828296234352 1.0196259076574399
-0.11186821486930197 -2.9160466391754047 1.0195530360910352
-0.10914838360142792 -2.854732220657689 1.0253017073918866
-0.10495305051825914 -2.797096302843553 1.0256932771771485
-0.09719332148653437 -2.7387954199806854 1.0372792261606876
-0.10135057458644844 -2.669770688492903 1.0435999234849391
-0.0867399557542625 -2.611731599487109 1.0498121561656413
-0.09033055073172042 -2.549210724968848 1.0458405371796555
-0.088136621015139 -2.4809050145068086 1.0486737221612352
-0.08212626106195053 -2.410639245158064 1.0544345695769464
-0.09156315855146802 -2.351423926602322 1.0276933861756223
-0.07484349133621147 -2.29296169881516 1.0314151058106409
-0.08006678121681998 -2.245505408581312 1.0499863049956133
-0.09849193916704668 -2.1439119636465382 1.0451188203425004
-0.08300060164761824 -2.0794744895760124 1.0535298013983898
-0.0862793518237746 -2.018164940174164 1.0490582115785672
-0.08095827854638565 -1.9573816463769977 1.0448866916216266
-0.0810615514092553 -1.8907406115310772 1.0450052487204788
-0.05731538511303048 -1.820251650897045 1.050185021971982
-0.054438460801948974 -1.7609771199382611 1.0409986877070765
-0.04163855385950631 -1.6979474758257271 1.0410534696579445
-0.024697712909554213 -1.6405208953901362 1.0467150034905284
-0.028800128689204806 -1.5713382374728526 1.0544438048411664
-0.019454914966117266 -1.5080731474702467 1.0480114191792964
-0.012423646360882723 -1.4415557195818611 1.0518552749613188
-0.009222215637781167 -1.3807891468363425 1.0592748454682845
0.0015666621811989759 -1.3042929016419071 1.054783315296281
-0.0025472626266754145 -1.2500700818525758 1.0345382306597402
0.009126078483994916 -1.1869957280352057 1.0423168291169758
-0.008546055451285228 -1.1235714325129351 1.0506805238697279
0.007381667053111607 -1.0482691165297324 1.047667980226839
0.015408872806764222 -0.98860883615847 1.0594813218485062
0.01636704193587124 -0.931824303575934 1.0494125122082816
0.020008025700843424 -0.8672879375618918 1.055717647474379
0.022859024016229572 -0.8029095430682914 1.0513054448712975
0.03920539946941394 -0.7440701576930929 1.0437304592047756
0.05147469001778663 -0.689422230229151 1.0348184551415371
0.06427307734684562 -0.6229376448483701 1.0556974565791775
0.06504476455554177 -0.5646682739534171 1.0611665842406544
0.0867048182285502 -0.514692938883324 1.0642201060317455
0.09052461648999485 -0.4564579127084421 1.0700795045874554
0.09154038047793286 -0.40013005712604305 1.0607944346415101
0.10975718197177407 -0.34293257693725027 1.068190062413527
0.1228701478501223 -0.2755274708867276 1.0775993020517194
0.1194460851811728 -0.2194535132685625 1.0632925847349075
0.1193398993570976 -0.16426528359172476 1.0531958634714331
0.12235705379399821 -0.11883927189691545 1.0670151032465802
0.12118373265783812 -0.02553461860004598 1.0572446419780328
0.14183548496975928 0.022873362178054905 1.0654695856185064
0.1413084752592818 0.06802700785797643 1.0597237394378165
0.14306675376591907 0.11916935293146397 1.059012742378092
0.14639338913393465 0.17092967870467313 1.0564356485793616
0.16617885028804438 0.21616171386472272 1.051480684542398
0.17925845237098348 0.25281160352108856 1.0310752977877091
0.20020878679621884 0.29416195228527486 1.0346461101150335
0.19991226918967062 0.3288891290018573 1.0350452632432146
0.2085503347700841 0.3600594845723242 1.035549429923034
0.21689709954562778 0.39925229271020246 1.0400271701111141
0.2177451040908053 0.4256549241378381 1.0392206383559492
0.21183576877749702 0.4533331618721148 1.0401249380980564
0.21976452450399106 0.47893096469541413 1.0377276144752932
0.21414438884023368 0.5030069446853052 1.0357135373483108
0.2103005153917961 0.5253645500554476 1.038068690191406
0.19831385050837663 0.5520095006882293 1.0398321942747988
0.195386778575135 0.5631966176674204 1.0346511748582004
0.19171308285738295 0.5681871076816932 1.0253861729680955
0.19975215827230197 0.5767384479660672 1.0267570048348769
0.20082416318858054 0.5833254000500672 1.028155682388659
0.1956098300869129 0.5934680510800291 1.0265731147500654
0.19104427035109392 0.6090666727934552 1.0264990934918052
0.18903691632724662 0.6136107177683489 1.0191841372153732
0.19311694009227057 0.610167004814869 1.0177783163885699
0.1960479856770283 0.6137493205375865 1.0191099015204372
0.19805768844530008 0.6141216679603125 1.0210554517522918
0.19708355719664755 0.6340019216173725 1.0255021679456033
0.19265447524937393 0.6445513208998379 1.0119711231719333
0.20434969250285703 0.6398885263281112 1.0324058870201611
0.18981715981743405 0.6509658537297005 1.0309196042071236
0.1929547349677305 0.6751987364751206 1.0222870172880578
0.1989033593489721 0.6791787569391035 1.0249450265813997
0.20200557334003294 0.6844581696232581 1.0255861136292515
0.19818670530001747 0.6921939894752819 1.0219403229356203
0.20227821118304332 0.6692318878029508 1.0237699237013524
0.19794760358825222 0.6819347119928718 1.020335112732758
0.19481496840289403 0.6872493027349874 1.0201608103470146
0.20477757415456618 0.6880531577691434 1.0230143156024096
0.2009678977868607 0.7006823274668095 1.0130272842341734
0.20231869986302645 0.7134757366235847 1.0152424925049506
0.19927400007413676 0.7489276856726478 1.017056467128329
0.19093874239693978 0.7534278679345421 1.0160595232855436
0.19477762423246758 0.7523599230836013 1.0210423452187178
0.19353563555494602 0.7522235320758686 1.0239388438275867
0.18626268163018805 0.7755050163856362 1.025833054562082
0.1868587293694634 0.7843920978564147 1.027767180186607
0.18242182747684488 0.7667085745597907 1.0218657500061519
0.17706232098349697 0.7846607933026535 1.018896647352257
0.18177926506827594 0.7618072897033924 1.016959975498341
0.1827592832232763 0.7655376956689175 1.0135295487716445
0.18770852028521878 0.7710525202595628 1.0250364538077887
0.19250901643210183 0.7921240719393688 1.0263700934210465
0.18760221176021302 0.7955723461486498 1.0148236674038031
0.1921041884890415 0.7952319273214896 1.0157404785339468
0.19081221605877782 0.7991030899976264 1.0090407963872847
0.19627343437376982 0.7998716605696312 1.0189101179912354
0.19620035135220554 0.8001089835914035 1.0116912212304048
0.19770788277771006 0.8040757486011513 1.012044585257986
0.20229974557135122 0.8013207201851845 1.0141211912586368
0.20605786053466127 0.7937162810091998 1.0203623681554619
0.20431880243377099 0.7950189858571116 1.0134450593857556
0.20556475007638114 0.798148954110768 1.012529273912226
0.20473580862630913 0.7932540084885147 1.0117468320416325
0.20422503357764327 0.7949692463669651 1.0118076445392374
0.20479263664030806 0.8050950165684702 1.0135119070859555
0.20903301627618606 0.7999728462272515 1.0153607617659692
0.2091064846948165 0.7993368343933537 1.0140596868802119
0.2072959338915924 0.7958900799655049 1.0098278293093204
0.2023743827112024 0.7969104275121505 1.0066886697454827
0.2037376980697216 0.8000454327512088 1.006991016391373
0.2045676208497349 0.796424911343968 1.0103891867774712
0.2047083570873259 0.7950805682674397 1.011596170630368
0.20400673909349867 0.801260887023399 1.011520975332719
0.20623113898920717 0.8064172416046111 1.0182006447119616
0.20758663049326911 0.807030231633812 1.0204405380723534
0.2046752435469267 0.8015162295132064 1.008897270138411
0.20444095467597562 0.804075743417647 1.0095784669806993
0.21908534677972896 0.8147406624197305 1.0153702942606218
0.21721715701062316 0.817942175817486 1.002621469661031
0.2177185369697589 0.8181406670969168 1.004122684677923
0.21967689818163194 0.8148830454431752 1.0083297085562473
0.21846401352748554 0.8167461110221733 1.0055980454283904
0.21581311460635327 0.8219949337265103 1.0057422309424775
0.2158339760415193 0.8233183806371533 1.0042536310247596
0.22094890862938316 0.825405532113869 1.0203340202426014
0.22046884859342716 0.8229697952069646 1.0178085132175332
0.22105574395542363 0.8225888954244451 1.01979061496935
0.21624610767010471 0.8174959048947424 1.0023017370450515
0.21824531818005272 0.8046130376686809 0.9991202715182229
0.2189409690138625 0.8078032633300845 1.0123205697786737
0.2192163847992096 0.8154007342773911 1.0103095173059085
0.21589062715645344 0.8151950926171152 1.0093662559821395
0.2151143626738135 0.8090083818183957 1.0061920580328139
0.21505017979758914 0.8083528702744661 1.0064469995617789
0.21509045701135154 0.8120497333549085 1.0070915945648242
0.21572004684230633 0.810722742920102 1.0142491462217453
0.21616690843442296 0.8066590319254134 1.0162672118646916
0.21598320029232426 0.8101158949707121 1.014860972419207
0.2165959513121062 0.808169336383914 1.015614635229204
0.21546172934097274 0.806556959127341 1.0123568487404473
0.21553339951310682 0.8075572572317834 1.013849155357746
0.21439820953505137 0.8080318826932534 1.0154058934500514
0.21262174301149853 0.8068323316256583 1.0153223451161493
0.21261505674303943 0.8069077192139202 1.014503586618293
0.21148660270557268 0.8069115309756452 1.0174285498846412
0.21138174358229592 0.8046561351512052 1.0186526536924567
0.211005043964709 0.804713510517863 1.019147389512049
0.21049680411000324 0.804111333239692 1.0175625170391964
0.2099915103633528 0.7997735917140661 1.016799275791698
